2_12_18 8, 16
1_22_04 16
8_28_14 10, 2, 6, 14, 11, 3, 7, 15
6_26_00 3, 11, 15, 7, 16, 8
6_21_12 8, 16, 4, 12, 9, 1
3_11_12 9, 1, 13
5_7_08 6, 14, 2, 10, 15
1_23_22 5
2_17_10 6, 14
4_29_10 9, 1, 5, 13
2_6_12 4, 12
3_26_10 4, 12, 16
8_22_18 11, 3, 7, 15, 12, 4, 8, 16
4_30_14 11, 3, 7, 15
1_5_04 4
7_6_06 5, 13, 1, 9, 2, 10, 14
1_19_00 9
2_15_14 11, 3
8_19_02 2, 10, 14, 6, 3, 11, 15, 7
4_20_02 2, 10, 14, 6
3_11_00 3, 11, 7
5_22_00 2, 10, 14, 6, 15
7_23_22 13, 5, 9, 1, 6, 14, 2
1_11_14 2
8_12_22 14, 6, 10, 2, 15, 7, 11, 3
2_24_06 1, 9
8_19_20 11, 3, 7, 15, 12, 4, 8, 16
6_22_08 6, 14, 2, 10, 3, 11
6_12_20 13, 5, 9, 1, 10, 2
2_28_10 4, 12
4_4_20 11, 3, 7, 15
8_3_00 1, 9, 13, 5, 2, 10, 14, 6
2_29_20 14, 6
6_10_02 4, 12, 16, 8, 1, 9
7_27_12 9, 1, 5, 13, 2, 10, 14
3_2_06 16, 8, 12
3_27_18 12, 4, 16
8_23_10 7, 15, 3, 11, 8, 16, 4, 12
2_5_16 10, 2
1_27_20 5
8_30_04 6, 14, 2, 10, 3, 11, 15, 7
4_5_02 3, 11, 15, 7
5_2_00 1, 9, 13, 5, 14
5_11_08 7, 15, 3, 11, 16
7_5_16 10, 2, 6, 14, 11, 3, 7
4_4_04 3, 11, 15, 7
6_26_08 7, 15, 3, 11, 4, 12
5_26_22 14, 6, 10, 2, 11
2_17_06 4, 12
3_1_00 1, 9, 13
8_26_08 7, 15, 3, 11, 8, 16, 4, 12
2_12_14 6, 14
2_10_02 16, 8
3_21_06 5, 13, 1
8_29_10 9, 1, 5, 13, 6, 14, 2, 10
3_2_04 15, 7, 11
1_4_08 9
7_3_02 2, 10, 14, 6, 11, 3, 7
8_16_04 6, 14, 2, 10, 3, 11, 15, 7
4_8_08 6, 14, 2, 10
3_3_14 8, 16, 12
4_19_22 12, 4, 8, 16
1_26_06 2
6_24_06 5, 13, 1, 9, 2, 10
5_24_08 6, 14, 2, 10, 11
2_3_20 11, 3
4_2_10 6, 14, 2, 10
7_28_22 14, 6, 10, 2, 3, 11, 15
4_28_04 5, 13, 1, 9
1_20_02 6
3_11_10 8, 16, 12
7_22_08 6, 14, 2, 10, 3, 11, 15
4_24_10 7, 15, 3, 11
8_26_16 11, 3, 7, 15, 12, 4, 8, 16
3_28_16 7, 15, 11
1_12_04 9
8_2_20 11, 3, 7, 15, 12, 4, 8, 16
4_1_16 9, 1, 5, 13
8_19_04 3, 11, 15, 7, 4, 12, 16, 8
2_12_20 9, 1
7_25_22 14, 6, 10, 2, 15, 7, 11
2_1_08 5, 13
7_31_02 5, 13, 1, 9, 10, 2, 6
2_1_12 7, 15
4_15_12 10, 2, 6, 14
1_29_18 13
3_17_18 10, 2, 6
4_10_00 3, 11, 15, 7
1_29_12 10
8_31_02 5, 13, 1, 9, 2, 10, 14, 6
4_21_20 12, 4, 8, 16
3_15_04 6, 14, 10
1_3_06 12
3_28_10 4, 12, 8
8_22_14 9, 1, 5, 13, 10, 2, 6, 14
6_8_08 6, 14, 2, 10, 3, 11
7_29_02 5, 13, 1, 9, 2, 10, 14
6_21_14 9, 1, 5, 13, 10, 2
4_29_12 10, 2, 6, 14
2_9_16 11, 3
3_9_06 6, 14, 2
5_7_04 4, 12, 16, 8, 13
6_7_04 4, 12, 16, 8, 5, 13
7_13_20 14, 6, 10, 2, 11, 3, 7
3_23_04 4, 12, 8
8_15_00 4, 12, 16, 8, 1, 9, 13, 5
3_5_18 11, 3, 7
6_27_02 4, 12, 16, 8, 5, 13
3_28_06 2, 10, 6
6_23_08 6, 14, 2, 10, 7, 15
2_6_06 1, 9
6_6_14 9, 1, 5, 13, 6, 14
8_27_20 13, 5, 9, 1, 14, 6, 10, 2
5_4_14 8, 16, 4, 12, 13
7_4_12 7, 15, 3, 11, 12, 4, 8
3_3_02 2, 10, 6
6_2_06 4, 12, 16, 8, 1, 9
7_7_18 11, 3, 7, 15, 4, 12, 16
6_12_00 3, 11, 15, 7, 16, 8
6_29_20 14, 6, 10, 2, 11, 3
8_12_04 5, 13, 1, 9, 6, 14, 2, 10
7_2_02 2, 10, 14, 6, 15, 7, 11
1_30_06 3
3_3_18 10, 2, 14
5_8_12 8, 16, 4, 12, 13
5_30_08 8, 16, 4, 12, 1
5_10_06 6, 14, 2, 10, 3
3_5_22 13, 5, 9
8_4_22 12, 4, 8, 16, 13, 5, 9, 1
5_26_20 13, 5, 9, 1, 10
5_27_16 11, 3, 7, 15, 4
7_12_00 3, 11, 15, 7, 8, 16, 4
8_17_18 10, 2, 6, 14, 11, 3, 7, 15
8_29_14 11, 3, 7, 15, 8, 16, 4, 12
3_16_06 3, 11, 7
3_1_12 7, 15, 3
4_13_00 4,12, 16, 8
3_10_14 6, 14, 2
7_31_06 7, 15, 3, 11, 12, 4, 8
3_28_00 15, 7, 3
6_14_02 5, 13, 1, 9, 14, 6
5_12_08 7, 15, 3, 11, 12
2_5_20 12, 4
6_8_14 9, 1, 5, 13, 6, 14
3_22_08 2, 10, 14
3_6_10 3, 11, 15
4_5_22 13, 5, 9, 1
1_27_18 4
1_11_04 13
2_11_08 7, 15
6_5_08 6, 14, 2, 10, 7, 15
7_14_22 15, 7, 11, 3, 8, 16, 4
8_18_02 2, 10, 14, 6, 3, 11, 15, 7
5_21_18 11, 3, 7, 15, 12
1_28_12 13
2_9_22 14, 6
4_20_14 8, 16, 4, 12
2_30_04 2, 10
7_15_02 5, 13, 1, 9, 10, 2, 6
6_4_20 11, 3, 7, 15, 8, 16
3_4_06 16, 8, 4
5_13_18 13, 5, 9, 1, 10
5_22_08 6, 14, 2, 10, 3
7_8_04 4, 12, 16, 8, 9, 1, 5
4_4_12 7, 15, 3, 11
7_29_12 10, 2, 6, 14, 7, 15, 3
2_10_18 8, 16
4_28_10 8, 16, 4, 12
2_21_06 5, 13
5_15_16 12, 4, 8, 16, 1
4_2_02 2, 10, 14, 6
1_26_10 4
2_26_08 3, 11
3_14_12 6, 14, 2
6_19_10 6, 14, 2, 10, 7, 15
8_31_00 4, 12, 16, 8, 1, 9, 13, 5
8_2_02 2, 10, 14, 6, 3, 11, 15, 7
4_23_10 7, 15, 3, 11
5_10_08 7, 15, 3, 11, 4
5_31_20 14, 6, 10, 2, 3
6_29_04 6, 14, 2, 10, 3, 11
2_6_02 15, 7
4_16_20 14, 6, 10, 2
4_1_10 6, 14, 2, 10
6_23_12 8, 16, 4, 12, 9, 1
3_11_20 13, 5, 1
7_6_08 6, 14, 2, 10, 3, 11, 15
7_27_14 10, 2, 6, 14, 3, 11, 15
7_8_20 12, 4, 8, 16, 1, 9, 13
1_25_04 5
5_9_10 8, 16, 4, 12, 9
2_5_06 5, 13
7_6_04 4, 12, 16, 8, 1, 9, 13
4_11_06 6, 14, 2, 10
3_18_18 6, 14, 2
2_22_00 14, 6
4_23_06 5, 13, 1, 9
3_21_12 8, 16, 4
4_19_16 9, 1, 5, 13
1_8_06 9
6_27_18 12, 4, 8, 16, 13, 5
8_3_14 8, 16, 4, 12, 9, 1, 5, 13
6_24_16 10, 2, 6, 14, 7, 15
5_16_18 13, 5, 9, 1, 14
7_16_10 9, 1, 5, 13, 10, 2, 6
5_9_12 9, 1, 5, 13, 10
7_21_04 4, 12, 16, 8, 5, 13, 1
8_28_22 14, 6, 10, 2, 15, 7, 11, 3
3_19_14 8, 16, 12
4_11_10 8, 16, 4, 12
8_15_16 12, 4, 8, 16, 9, 1, 5, 13
6_26_02 4, 12, 16, 8, 1, 9
1_2_02 14
2_12_08 3, 11
2_26_06 2, 10
5_31_06 7, 15, 3, 11, 12
6_18_14 8, 16, 4, 12, 5, 13
5_29_00 4, 12, 16, 8, 1
6_31_22 15, 7, 11, 3, 12, 4
4_24_00 2, 10, 14, 6
4_14_02 5, 13, 1, 9
3_24_08 2, 10, 6
3_12_08 3, 11, 7
7_4_20 11, 3, 7, 15, 16, 8, 12
3_24_06 1, 9, 5
3_22_14 5, 13, 1
7_24_22 13, 5, 9, 1, 2, 10, 14
8_30_08 8, 16, 4, 12, 5, 13, 1, 9
6_15_16 12, 4, 8, 16, 9, 1
2_1_18 10, 2
8_10_20 13, 5, 9, 1, 14, 6, 10, 2
6_30_14 11, 3, 7, 15, 4, 12
1_6_10 3
1_15_16 4
5_31_04 6, 14, 2, 10, 11
4_4_08 5, 13, 1, 9
6_8_16 10, 2, 6, 14, 7, 15
4_14_16 12, 4, 8, 16
5_27_10 8, 16, 4, 12, 1
4_10_18 12, 4, 8, 16
4_11_12 9, 1, 5, 13
5_16_04 6, 14, 2, 10, 7
5_25_02 4, 12, 16, 8, 5
6_21_04 4, 12, 16, 8, 5, 13
4_28_02 4, 12, 16, 8
8_17_00 1, 9, 13, 5, 2, 10, 14, 6
2_31_02 5, 13
6_30_20 14, 6, 10, 2, 7, 15
3_16_10 5, 13, 9
2_25_06 6, 14
8_1_12 7, 15, 3, 11, 8, 16, 4, 12
2_21_20 12, 4
7_1_00 1, 9, 13, 5, 2, 10, 14
8_17_16 9, 1, 5, 13, 10, 2, 6, 14
2_29_04 6, 14
5_15_02 5, 13, 1, 9, 10
6_20_04 3, 11, 15, 7, 16, 8
6_1_04 3, 11, 15, 7, 4, 12
8_13_06 7, 15, 3, 11, 4, 12, 16, 8
7_25_10 8, 16, 4, 12, 9, 1, 5
7_15_10 9, 1, 5, 13, 14, 6, 10
8_15_02 5, 13, 1, 9, 2, 10, 14, 6
6_20_06 4, 12, 16, 8, 1, 9
5_5_14 9, 1, 5, 13, 10
4_18_00 1, 9, 13, 5
2_12_12 5, 13
8_23_04 4, 12, 16, 8, 5, 13, 1, 9
6_2_20 11, 3, 7, 15, 8, 16
4_27_08 7, 15, 3, 11
7_8_16 10, 2, 6, 14, 15, 7, 11
7_30_06 7, 15, 3, 11, 16, 8, 12
3_22_00 14, 6, 10
1_22_18 7
1_22_16 6
3_27_08 7, 15, 11
1_15_10 1
6_27_04 5, 13, 1, 9, 6, 14
8_3_16 9, 1, 5, 13, 10, 2, 6, 14
4_22_14 9, 1, 5, 13
8_16_20 14, 6, 10, 2, 11, 3, 7, 15
2_28_08 3, 11
1_23_12 16
1_13_00 4
1_31_04 14
5_6_22 13, 5, 9, 1, 10
4_17_18 10, 2, 6, 14
5_24_18 11, 3, 7, 15, 16
4_18_04 3, 11, 15, 7
6_31_04 6, 14, 2, 10, 3, 11
8_28_00 3, 11, 15, 7, 4, 12, 16, 8
4_26_06 6, 14, 2, 10
3_14_20 10, 2, 6
6_4_04 3, 11, 15, 7, 16, 8
7_17_16 9, 1, 5, 13, 10, 2, 6
2_20_10 2, 10
8_17_12 7, 15, 3, 11, 8, 16, 4, 12
7_4_18 10, 2, 6, 14, 15, 7, 11
8_24_00 2, 10, 14, 6, 3, 11, 15, 7
6_1_10 6, 14, 2, 10, 7, 15
3_15_10 9, 1, 13
6_1_00 1, 9, 13, 5, 2, 10
1_31_14 3
4_25_14 10, 2, 6, 14
2_22_20 8, 16
8_4_04 3, 11, 15, 7, 4, 12, 16, 8
6_2_08 5, 13, 1, 9, 2, 10
8_11_08 7, 15, 3, 11, 8, 16, 4, 12
8_18_22 12, 4, 8, 16, 13, 5, 9, 1
7_7_00 2, 10, 14, 6, 11, 3, 7
3_30_04 2, 10, 14
7_24_06 5, 13, 1, 9, 10, 2, 6
7_12_04 5, 13, 1, 9, 10, 2, 6
8_11_06 6, 14, 2, 10, 7, 15, 3, 11
1_8_02 7
2_1_14 8, 16
5_23_18 11, 3, 7, 15, 4
6_25_08 7, 15, 3, 11, 8, 16
1_16_22 3
3_22_10 3, 11, 15
4_6_04 4, 12, 16, 8
5_29_06 7, 15, 3, 11, 4
7_20_14 8, 16, 4, 12, 13, 5, 9
1_18_20 7
7_24_02 3, 11, 15, 7, 8, 16, 4
6_2_18 10, 2, 6, 14, 7, 15
6_27_16 11, 3, 7, 15, 12, 4
2_20_18 6, 14
2_23_06 5, 13
7_7_16 10, 2, 6, 14, 3, 11, 15
1_17_18 10
2_11_06 6, 14
4_10_16 11, 3, 7, 15
2_13_10 9, 1
3_16_02 1, 9, 5
4_29_08 8, 16, 4, 12
4_10_08 7, 15, 3, 11
4_29_00 4,12, 16, 8
3_12_14 6, 14, 10
1_28_08 11
5_31_22 15, 7, 11, 3, 4
5_1_18 10, 2, 6, 14, 11
7_18_12 7, 15, 3, 11, 4, 12, 16
6_18_02 2, 10, 14, 6, 15, 7
2_2_12 3, 11
2_27_00 3, 11
8_6_00 2, 10, 14, 6, 3, 11, 15, 7
6_11_16 11, 3, 7, 15, 12, 4
3_15_18 13, 5, 1
8_7_14 9, 1, 5, 13, 10, 2, 6, 14
8_30_00 4, 12, 16, 8, 1, 9, 13, 5
8_11_14 10, 2, 6, 14, 11, 3, 7, 15
2_15_04 6, 14
5_26_04 5, 13, 1, 9, 2
5_14_02 5, 13, 1, 9, 14
6_23_20 12, 4, 8, 16, 13, 5
6_11_14 10, 2, 6, 14, 11, 3
5_4_18 10, 2, 6, 14, 15
6_12_10 8, 16, 4, 12, 5, 13
2_25_22 14, 6
7_16_02 5, 13, 1, 9, 6, 14, 2
8_28_08 7, 15, 3, 11, 8, 16, 4, 12
3_19_08 5, 13, 9
8_19_00 1, 9, 13, 5, 2, 10, 14, 6
2_19_20 11, 3
5_11_14 10, 2, 6, 14, 3
5_30_00 4, 12, 16, 8, 13
1_21_16 10
5_27_08 7, 15, 3, 11, 16
1_12_00 7
6_20_12 7, 15, 3, 11, 4, 12
4_16_22 15, 7, 11, 3
6_25_04 5, 13, 1, 9, 6, 14
6_16_18 13, 5, 9, 1, 6, 14
6_22_18 11, 3, 7, 15, 8, 16
8_5_14 9, 1, 5, 13, 10, 2, 6, 14
3_14_18 9, 1, 5
4_16_16 12, 4, 8, 16
7_22_02 3, 11, 15, 7, 16, 8, 12
8_2_18 10, 2, 6, 14, 11, 3, 7, 15
1_22_14 5
6_17_20 11, 3, 7, 15, 12, 4
6_7_00 2, 10, 14, 6, 3, 11
3_22_04 16, 8, 12
6_6_06 5, 13, 1, 9, 2, 10
3_26_16 7, 15, 3
5_1_12 7, 15, 3, 11, 8
5_10_00 3, 11, 15, 7, 16
4_19_10 6, 14, 2, 10
6_4_02 2, 10, 14, 6, 15, 7
7_12_20 13, 5, 9, 1, 2, 10, 14
1_28_00 7
4_11_22 14, 6, 10, 2
5_29_04 6, 14, 2, 10, 3
7_20_18 10, 2, 6, 14, 15, 7, 11
5_20_20 11, 3, 7, 15, 16
5_8_06 5, 13, 1, 9, 10
2_15_02 5, 13
7_19_08 5, 13, 1, 9, 14, 6, 10
6_12_08 7, 15, 3, 11, 4, 12
1_30_16 8
6_11_18 12, 4, 8, 16, 13, 5
4_12_20 13, 5, 9, 1
3_14_14 7, 15, 3
6_31_00 4, 12, 16, 8, 1, 9
7_25_04 5, 13, 1, 9, 6, 14, 2
3_22_12 4, 12, 16
5_2_18 10, 2, 6, 14, 7
1_20_16 13
8_4_16 9, 1, 5, 13, 10, 2, 6, 14
7_24_08 6, 14, 2, 10, 11, 3, 7
7_27_18 12, 4, 8, 16, 5, 13, 1
5_16_14 11, 3, 7, 15, 12
7_9_22 14, 6, 10, 2, 15, 7, 11
1_25_02 4
3_23_00 2, 10, 6
5_21_00 2, 10, 14, 6, 3
2_18_02 14, 6
4_1_02 2, 10, 14, 6
8_26_22 14, 6, 10, 2, 15, 7, 11, 3
5_14_20 14, 6, 10, 2, 7
5_26_06 6, 14, 2, 10, 3
1_13_08 8
1_9_14 10
2_29_16 12, 4
2_23_20 12, 4
6_21_06 5, 13, 1, 9, 6, 14
7_6_12 8, 16, 4, 12, 5, 13, 1
5_11_18 12, 4, 8, 16, 5
7_2_22 12, 4, 8, 16, 9, 1, 5
6_10_04 5, 13, 1, 9, 2, 10
4_31_00 4,12, 16, 8
5_6_08 6, 14, 2, 10, 3
4_17_06 4, 12, 16, 8
5_31_12 10, 2, 6, 14, 15
3_29_18 13, 5, 9
3_29_12 10, 2, 6
8_11_04 5, 13, 1, 9, 6, 14, 2, 10
1_14_14 7
8_8_16 10, 2, 6, 14, 11, 3, 7, 15
7_23_04 4, 12, 16, 8, 13, 5, 9
2_6_14 5, 13
4_13_20 14, 6, 10, 2
8_13_10 9, 1, 5, 13, 6, 14, 2, 10
2_10_06 2, 10
3_31_10 9, 1, 13
2_30_18 9, 1
8_3_12 7, 15, 3, 11, 8, 16, 4, 12
7_23_18 11, 3, 7, 15, 4, 12, 16
5_25_22 14, 6, 10, 2, 15
8_3_22 12, 4, 8, 16, 13, 5, 9, 1
2_25_00 3, 11
3_1_10 6, 14, 2
1_10_14 6
4_22_16 10, 2, 6, 14
3_14_06 3, 11, 15
7_29_06 7, 15, 3, 11, 4, 12, 16
1_17_08 5
2_16_18 9, 1
3_8_00 14, 6, 2
6_5_12 8, 16, 4, 12, 9, 1
8_14_12 10, 2, 6, 14, 7, 15, 3, 11
8_29_08 8, 16, 4, 12, 5, 13, 1, 9
5_16_22 15, 7, 11, 3, 16
1_28_18 16
4_11_02 4, 12, 16, 8
4_23_22 13, 5, 9, 1
1_16_04 10
7_16_04 6, 14, 2, 10, 7, 15, 3
1_19_18 2
5_27_18 12, 4, 8, 16, 5
7_31_14 11, 3, 7, 15, 16, 8, 12
3_3_10 6, 14, 10
7_22_14 9, 1, 5, 13, 6, 14, 2
6_6_04 4, 12, 16, 8, 1, 9
3_23_06 5, 13, 9
3_30_06 3, 11, 15
6_31_06 7, 15, 3, 11, 4, 12
2_11_02 4, 12
4_15_00 4,12, 16, 8
2_21_10 7, 15
7_22_16 10, 2, 6, 14, 7, 15, 3
1_29_20 14
1_1_04 3
5_4_10 6, 14, 2, 10, 11
6_6_20 12, 4, 8, 16, 9, 1
6_26_10 8, 16, 4, 12, 5, 13
3_1_04 3, 11, 15
3_29_02 5, 13, 1
3_4_20 7, 15, 11
2_3_06 4, 12
6_28_06 6, 14, 2, 10, 3, 11
5_1_20 11, 3, 7, 15, 12
2_2_08 1, 9
3_9_14 10, 2, 6
8_30_10 9, 1, 5, 13, 6, 14, 2, 10
7_4_02 2, 10, 14, 6, 7, 15, 3
1_26_18 8
8_12_12 9, 1, 5, 13, 10, 2, 6, 14
2_26_14 6, 14
5_22_22 13, 5, 9, 1, 10
1_12_16 15
4_18_18 10, 2, 6, 14
4_12_04 5, 13, 1, 9
5_7_22 13, 5, 9, 1, 6
2_3_04 3, 11
2_5_12 8, 16
4_3_18 10, 2, 6, 14
4_30_08 8, 16, 4, 12
8_22_16 10, 2, 6, 14, 11, 3, 7, 15
7_16_20 14, 6, 10, 2, 15, 7, 11
8_14_10 9, 1, 5, 13, 6, 14, 2, 10
3_5_20 12, 4, 8
7_16_22 15, 7, 11, 3, 16, 8, 12
5_28_16 11, 3, 7, 15, 16
4_20_06 4, 12, 16, 8
2_16_00 16, 8
6_28_20 13, 5, 9, 1, 10, 2
3_29_08 8, 16, 4
8_25_04 5, 13, 1, 9, 6, 14, 2, 10
6_30_16 12, 4, 8, 16, 5, 13
6_27_20 13, 5, 9, 1, 14, 6
2_18_20 7, 15
7_5_18 11, 3, 7, 15, 12, 4, 8
3_29_22 15, 7, 11
4_1_08 5, 13, 1, 9
4_6_02 3, 11, 15, 7
1_23_18 3
4_16_02 5, 13, 1, 9
2_31_14 11, 3
7_11_08 7, 15, 3, 11, 16, 8, 12
5_7_12 8, 16, 4, 12, 1
7_27_16 11, 3, 7, 15, 4, 12, 16
1_23_08 14
5_14_22 15, 7, 11, 3, 8
6_29_00 4, 12, 16, 8, 1, 9
7_9_20 13, 5, 9, 1, 14, 6, 10
1_3_02 10
6_25_10 8, 16, 4, 12, 9, 1
6_14_10 9, 1, 5, 13, 2, 10
7_14_14 11, 3, 7, 15, 4, 12, 16
2_7_06 5, 13
1_22_10 3
5_28_00 3, 11, 15, 7, 8
7_23_02 3, 11, 15, 7, 12, 4, 8
3_28_22 10, 2, 14
3_27_02 4, 12, 8
2_29_00 4,12
1_17_14 8
6_9_22 14, 6, 10, 2, 15, 7
3_29_00 4,12, 16
2_31_22 15, 7
2_30_08 4, 12
2_1_04 3, 11
3_14_08 4, 12, 16
3_28_12 5, 13, 9
5_2_14 8, 16, 4, 12, 5
2_11_12 9, 1
3_11_02 4, 12, 8
1_24_06 9
3_26_00 15, 7, 11
8_5_16 10, 2, 6, 14, 11, 3, 7, 15
8_20_08 5, 13, 1, 9, 6, 14, 2, 10
4_18_02 2, 10, 14, 6
3_14_22 11, 3, 7
8_13_18 13, 5, 9, 1, 10, 2, 6, 14
7_3_06 4, 12, 16, 8, 13, 5, 9
1_15_04 14
3_21_20 12, 4, 8
7_27_08 7, 15, 3, 11, 16, 8, 12
5_20_16 9, 1, 5, 13, 14
1_14_10 5
4_7_08 6, 14, 2, 10
1_18_22 8
1_4_02 6
7_21_18 11, 3, 7, 15, 12, 4, 8
3_31_04 6, 14, 10
5_28_14 10, 2, 6, 14, 15
5_23_22 13, 5, 9, 1, 6
8_21_10 7, 15, 3, 11, 8, 16, 4, 12
2_4_00 13, 5
4_21_12 8, 16, 4, 12
5_19_18 10, 2, 6, 14, 3
5_22_06 5, 13, 1, 9, 2
7_1_02 2, 10, 14, 6, 3, 11, 15
4_22_02 3, 11, 15, 7
5_4_06 4, 12, 16, 8, 9
5_11_00 3, 11, 15, 7, 12
6_20_22 12, 4, 8, 16, 9, 1
3_16_08 4, 12, 8
4_17_10 6, 14, 2, 10
4_26_12 9, 1, 5, 13
6_16_04 6, 14, 2, 10, 15, 7
3_30_14 7, 15, 3
1_19_08 13
