6_31_08 8, 16, 4, 12, 5, 13
1_31_20 6
5_21_02 3, 11, 15, 7, 4
5_16_12 10, 2, 6, 14, 11
7_9_06 6, 14, 2, 10, 7, 15, 3
3_22_02 15, 7, 11
8_20_04 3, 11, 15, 7, 4, 12, 16, 8
3_23_00 2, 10, 6
2_21_00 2, 10
6_8_22 13, 5, 9, 1, 10, 2
2_18_20 7, 15
5_20_10 6, 14, 2, 10, 11
4_5_20 12, 4, 8, 16
2_22_06 1, 9
5_4_10 6, 14, 2, 10, 11
7_20_06 4, 12, 16, 8, 9, 1, 5
6_31_14 11, 3, 7, 15, 8, 16
2_4_10 2, 10
1_26_04 1
8_28_12 9, 1, 5, 13, 10, 2, 6, 14
4_30_12 10, 2, 6, 14
1_1_04 3
3_28_18 8, 16, 12
3_31_10 9, 1, 13
3_16_06 3, 11, 7
4_20_02 2, 10, 14, 6
1_6_12 4
6_20_04 3, 11, 15, 7, 16, 8
2_12_04 1, 9
2_25_02 4, 12
4_21_00 2, 10, 14, 6
5_21_06 5, 13, 1, 9, 6
7_26_16 11, 3, 7, 15, 8, 16, 4
5_17_08 5, 13, 1, 9, 6
8_2_16 9, 1, 5, 13, 10, 2, 6, 14
8_21_04 4, 12, 16, 8, 5, 13, 1, 9
4_25_16 11, 3, 7, 15
8_6_18 11, 3, 7, 15, 12, 4, 8, 16
2_17_14 8, 16
7_31_20 14, 6, 10, 2, 3, 11, 15
3_17_04 3, 11, 15
5_8_16 10, 2, 6, 14, 15
7_7_18 11, 3, 7, 15, 4, 12, 16
7_30_16 12, 4, 8, 16, 5, 13, 1
5_25_10 8, 16, 4, 12, 9
1_13_16 12
7_1_18 10, 2, 6, 14, 11, 3, 7
1_21_10 7
6_6_20 12, 4, 8, 16, 9, 1
8_19_20 11, 3, 7, 15, 12, 4, 8, 16
5_12_22 14, 6, 10, 2, 3
2_23_02 3, 11
3_18_20 7, 15, 3
7_16_22 15, 7, 11, 3, 16, 8, 12
2_7_16 10, 2
4_18_04 3, 11, 15, 7
8_22_18 11, 3, 7, 15, 12, 4, 8, 16
2_1_12 7, 15
5_11_18 12, 4, 8, 16, 5
8_5_10 7, 15, 3, 11, 8, 16, 4, 12
8_19_14 8, 16, 4, 12, 9, 1, 5, 13
1_4_16 13
7_13_04 6, 14, 2, 10, 3, 11, 15
6_14_22 15, 7, 11, 3, 8, 16
8_11_22 14, 6, 10, 2, 15, 7, 11, 3
8_1_18 10, 2, 6, 14, 11, 3, 7, 15
2_12_00 15, 7
8_27_02 4, 12, 16, 8, 5, 13, 1, 9
5_17_10 6, 14, 2, 10, 7
7_17_14 8, 16, 4, 12, 9, 1, 5
3_1_22 12, 4, 8
2_22_10 3, 11
4_5_16 10, 2, 6, 14
8_23_04 4, 12, 16, 8, 5, 13, 1, 9
4_13_16 12, 4, 8, 16
2_6_06 1, 9
4_3_14 8, 16, 4, 12
2_27_00 3, 11
3_30_22 11, 3, 7
7_9_22 14, 6, 10, 2, 15, 7, 11
8_9_04 5, 13, 1, 9, 6, 14, 2, 10
3_5_20 12, 4, 8
2_20_22 8, 16
6_24_06 5, 13, 1, 9, 2, 10
7_18_14 8, 16, 4, 12, 5, 13, 1
8_5_14 9, 1, 5, 13, 10, 2, 6, 14
8_1_04 3, 11, 15, 7, 4, 12, 16, 8
5_4_20 11, 3, 7, 15, 16
7_31_14 11, 3, 7, 15, 16, 8, 12
7_29_20 14, 6, 10, 2, 11, 3, 7
1_28_04 9
5_24_04 4, 12, 16, 8, 9
3_10_18 8, 16, 4
3_18_16 5, 13, 1
4_8_06 5, 13, 1, 9
7_14_10 9, 1, 5, 13, 2, 10, 14
8_3_00 1, 9, 13, 5, 2, 10, 14, 6
2_1_02 2, 10
7_5_00 2, 10, 14, 6, 3, 11, 15
5_5_06 5, 13, 1, 9, 6
6_28_12 9, 1, 5, 13, 6, 14
5_21_16 10, 2, 6, 14, 11
4_4_22 12, 4, 8, 16
8_27_12 9, 1, 5, 13, 10, 2, 6, 14
2_20_18 6, 14
3_3_02 2, 10, 6
7_4_04 3, 11, 15, 7, 8, 16, 4
3_13_16 12, 4, 8
7_20_12 7, 15, 3, 11, 12, 4, 8
7_9_18 12, 4, 8, 16, 13, 5, 9
7_17_16 9, 1, 5, 13, 10, 2, 6
2_16_14 7, 15
8_15_18 13, 5, 9, 1, 10, 2, 6, 14
1_25_10 8
1_8_06 9
2_27_06 6, 14
1_19_12 15
1_8_02 7
4_31_16 12, 4, 8, 16
2_7_00 2, 10
8_16_16 12, 4, 8, 16, 9, 1, 5, 13
4_25_00 3, 11, 15, 7
2_19_08 5, 13
8_25_08 7, 15, 3, 11, 8, 16, 4, 12
3_4_22 8, 16, 12
3_24_18 7, 15, 11
8_14_00 4, 12, 16, 8, 1, 9, 13, 5
3_10_08 3, 11, 15
3_21_00 2, 10, 14
1_6_06 1
6_17_02 2, 10, 14, 6, 3, 11
7_2_08 5, 13, 1, 9, 2, 10, 14
7_28_20 13, 5, 9, 1, 2, 10, 14
7_7_04 4, 12, 16, 8, 13, 5, 9
6_25_08 7, 15, 3, 11, 8, 16
3_4_14 4, 12, 8
8_29_20 14, 6, 10, 2, 11, 3, 7, 15
2_15_18 13, 5
6_8_02 3, 11, 15, 7, 16, 8
1_16_20 2
2_29_10 9, 1
2_5_20 12, 4
3_3_20 11, 3, 15
3_29_00 4,12, 16
3_10_22 10, 2, 6
1_25_20 13
7_25_02 4, 12, 16, 8, 5, 13, 1
6_4_22 12, 4, 8, 16, 9, 1
2_5_10 7, 15
2_8_12 4, 12
7_10_16 11, 3, 7, 15, 8, 16, 4
3_17_12 7, 15, 3
1_9_02 4
7_19_18 10, 2, 6, 14, 3, 11, 15
1_29_08 8
1_11_16 3
4_16_00 4,12, 16, 8
5_16_08 8, 16, 4, 12, 9
2_17_16 9, 1
2_23_08 6, 14
1_1_20 11
2_30_20 10, 2
8_15_16 12, 4, 8, 16, 9, 1, 5, 13
1_28_06 10
8_4_04 3, 11, 15, 7, 4, 12, 16, 8
8_15_10 9, 1, 5, 13, 6, 14, 2, 10
5_12_10 8, 16, 4, 12, 13
2_18_12 3, 11
6_6_10 7, 15, 3, 11, 4, 12
6_15_22 15, 7, 11, 3, 12, 4
4_9_20 13, 5, 9, 1
6_27_22 14, 6, 10, 2, 15, 7
1_21_04 4
7_5_02 3, 11, 15, 7, 4, 12, 16
7_25_20 13, 5, 9, 1, 14, 6, 10
5_13_08 8, 16, 4, 12, 5
7_15_18 13, 5, 9, 1, 2, 10, 14
8_19_18 10, 2, 6, 14, 11, 3, 7, 15
4_17_02 2, 10, 14, 6
6_29_10 9, 1, 5, 13, 6, 14
6_9_18 12, 4, 8, 16, 13, 5
6_10_02 4, 12, 16, 8, 1, 9
5_23_18 11, 3, 7, 15, 4
7_16_12 10, 2, 6, 14, 11, 3, 7
6_27_20 13, 5, 9, 1, 14, 6
8_7_02 3, 11, 15, 7, 4, 12, 16, 8
8_15_12 10, 2, 6, 14, 7, 15, 3, 11
5_7_22 13, 5, 9, 1, 6
8_9_20 13, 5, 9, 1, 14, 6, 10, 2
3_30_10 5, 13, 1
6_10_12 9, 1, 5, 13, 6, 14
3_4_12 3, 11, 7
3_24_00 14, 6, 2
5_18_04 3, 11, 15, 7, 16
2_18_02 14, 6
7_31_22 15, 7, 11, 3, 4, 12, 16
4_14_22 15, 7, 11, 3
8_29_06 7, 15, 3, 11, 4, 12, 16, 8
8_12_08 7, 15, 3, 11, 8, 16, 4, 12
1_2_22 8
6_7_00 2, 10, 14, 6, 3, 11
1_14_18 9
2_23_10 7, 15
5_20_00 1, 9, 13, 5, 6
7_29_00 4, 12, 16, 8, 1, 9, 13
2_15_08 8, 16
1_28_18 16
6_8_14 9, 1, 5, 13, 6, 14
4_29_04 6, 14, 2, 10
8_26_14 10, 2, 6, 14, 11, 3, 7, 15
6_27_02 4, 12, 16, 8, 5, 13
1_24_00 6
4_21_14 9, 1, 5, 13
2_25_22 14, 6
2_1_00 1, 9
2_10_22 10, 2
2_16_18 9, 1
7_16_02 5, 13, 1, 9, 6, 14, 2
8_7_16 10, 2, 6, 14, 11, 3, 7, 15
2_13_10 9, 1
2_8_20 8, 16
7_3_18 10, 2, 6, 14, 3, 11, 15
1_11_08 15
1_14_16 8
2_24_12 4, 12
3_12_02 16, 8, 4
3_7_08 6, 14, 10
1_4_18 14
1_14_06 3
3_6_08 2, 10, 14
8_25_10 8, 16, 4, 12, 9, 1, 5, 13
7_28_04 5, 13, 1, 9, 10, 2, 6
4_12_10 8, 16, 4, 12
3_20_20 7, 15, 11
8_31_18 13, 5, 9, 1, 10, 2, 6, 14
3_2_20 7, 15, 3
2_5_06 5, 13
4_17_00 1, 9, 13, 5
3_14_22 11, 3, 7
3_7_20 12, 4, 16
5_18_20 11, 3, 7, 15, 8
4_19_16 9, 1, 5, 13
7_3_04 3, 11, 15, 7, 12, 4, 8
3_2_02 14, 6, 10
3_11_14 10, 2, 14
5_4_18 10, 2, 6, 14, 15
7_6_20 12, 4, 8, 16, 9, 1, 5
5_8_08 6, 14, 2, 10, 11
7_24_08 6, 14, 2, 10, 11, 3, 7
6_30_02 5, 13, 1, 9, 14, 6
7_1_12 7, 15, 3, 11, 8, 16, 4
2_22_04 16, 8
4_29_06 7, 15, 3, 11
6_16_06 7, 15, 3, 11, 16, 8
3_15_14 11, 3, 15
3_19_22 12, 4, 16
5_28_20 13, 5, 9, 1, 2
8_7_06 5, 13, 1, 9, 6, 14, 2, 10
8_16_10 9, 1, 5, 13, 6, 14, 2, 10
4_1_06 4, 12, 16, 8
8_13_20 14, 6, 10, 2, 11, 3, 7, 15
3_12_20 9, 1, 13
1_21_06 5
7_29_12 10, 2, 6, 14, 7, 15, 3
6_4_00 1, 9, 13, 5, 14, 6
2_2_16 5, 13
1_5_16 10
5_8_06 5, 13, 1, 9, 10
7_25_06 6, 14, 2, 10, 7, 15, 3
2_16_00 16, 8
8_13_04 6, 14, 2, 10, 3, 11, 15, 7
2_5_08 6, 14
3_24_04 16, 8, 4
2_30_14 7, 15
1_27_12 1
8_12_16 11, 3, 7, 15, 12, 4, 8, 16
6_22_06 5, 13, 1, 9, 2, 10
5_10_08 7, 15, 3, 11, 4
5_31_10 9, 1, 5, 13, 14
7_15_10 9, 1, 5, 13, 14, 6, 10
7_15_08 8, 16, 4, 12, 13, 5, 9
8_13_16 12, 4, 8, 16, 9, 1, 5, 13
6_17_10 6, 14, 2, 10, 7, 15
8_12_10 8, 16, 4, 12, 9, 1, 5, 13
5_14_06 7, 15, 3, 11, 16
7_26_14 10, 2, 6, 14, 7, 15, 3
4_26_16 11, 3, 7, 15
4_27_08 7, 15, 3, 11
7_12_12 9, 1, 5, 13, 14, 6, 10
7_15_04 6, 14, 2, 10, 11, 3, 7
8_4_06 4, 12, 16, 8, 5, 13, 1, 9
6_18_02 2, 10, 14, 6, 15, 7
1_18_00 13
6_12_10 8, 16, 4, 12, 5, 13
2_23_12 8, 16
1_12_02 8
5_1_06 4, 12, 16, 8, 5
