8_23_20 12, 4, 8, 16, 13, 5, 9, 1
6_1_16 9, 1, 5, 13, 10, 2
2_22_08 2, 10
4_9_06 6, 14, 2, 10
1_6_18 7
8_23_12 8, 16, 4, 12, 9, 1, 5, 13
7_22_18 11, 3, 7, 15, 8, 16, 4
2_21_18 11, 3
1_5_16 10
5_10_20 13, 5, 9, 1, 10
3_16_02 1, 9, 5
5_18_00 1, 9, 13, 5, 14
4_14_08 8, 16, 4, 12
4_11_04 5, 13, 1, 9
1_18_12 3
7_8_04 4, 12, 16, 8, 9, 1, 5
8_10_00 3, 11, 15, 7, 4, 12, 16, 8
5_11_22 14, 6, 10, 2, 7
4_11_10 8, 16, 4, 12
6_13_00 4, 12, 16, 8, 1, 9
5_3_18 10, 2, 6, 14, 3
1_8_22 1
7_21_12 8, 16, 4, 12, 9, 1, 5
6_15_20 14, 6, 10, 2, 11, 3
6_13_04 6, 14, 2, 10, 3, 11
5_12_10 8, 16, 4, 12, 13
4_26_10 8, 16, 4, 12
8_22_00 2, 10, 14, 6, 3, 11, 15, 7
5_23_00 2, 10, 14, 6, 11
1_19_08 13
3_7_18 11, 3, 15
3_26_16 7, 15, 3
1_28_02 8
3_20_00 13, 5, 1
3_25_18 12, 4, 8
3_14_06 3, 11, 15
5_19_22 12, 4, 8, 16, 5
1_18_02 14
3_18_06 16, 8, 12
8_6_12 8, 16, 4, 12, 9, 1, 5, 13
6_5_00 2, 10, 14, 6, 3, 11
5_23_10 7, 15, 3, 11, 16
8_11_00 3, 11, 15, 7, 4, 12, 16, 8
6_12_22 14, 6, 10, 2, 11, 3
7_16_08 8, 16, 4, 12, 9, 1, 5
7_17_16 9, 1, 5, 13, 10, 2, 6
5_25_06 6, 14, 2, 10, 7
3_7_06 5, 13, 9
3_30_08 4, 12, 16
5_11_00 3, 11, 15, 7, 12
1_30_06 3
5_13_02 5, 13, 1, 9, 2
5_5_02 3, 11, 15, 7, 4
2_8_04 16, 8
3_27_00 3, 11, 7
5_28_14 10, 2, 6, 14, 15
7_28_16 11, 3, 7, 15, 16, 8, 12
2_18_02 14, 6
2_5_16 10, 2
6_27_00 3, 11, 15, 7, 4, 12
1_25_00 3
2_4_16 5, 13
4_6_12 8, 16, 4, 12
6_12_04 5, 13, 1, 9, 2, 10
3_10_14 6, 14, 2
6_28_08 7, 15, 3, 11, 4, 12
2_20_12 3, 11
4_27_00 3, 11, 15, 7
5_30_10 9, 1, 5, 13, 2
6_3_20 11, 3, 7, 15, 12, 4
4_2_14 8, 16, 4, 12
2_8_10 3, 11
4_7_22 13, 5, 9, 1
6_10_08 7, 15, 3, 11, 4, 12
6_25_02 4, 12, 16, 8, 5, 13
3_12_20 9, 1, 13
5_16_08 8, 16, 4, 12, 9
3_3_14 8, 16, 12
3_27_10 8, 16, 12
3_5_02 3, 11, 15
8_23_18 11, 3, 7, 15, 12, 4, 8, 16
2_15_00 4,12
5_11_10 8, 16, 4, 12, 1
5_20_00 1, 9, 13, 5, 6
5_31_22 15, 7, 11, 3, 4
6_2_00 1, 9, 13, 5, 14, 6
6_2_16 9, 1, 5, 13, 6, 14
7_1_08 5, 13, 1, 9, 6, 14, 2
3_12_12 5, 13, 9
3_10_20 9, 1, 5
2_8_12 4, 12
1_17_10 6
6_26_08 7, 15, 3, 11, 4, 12
7_8_20 12, 4, 8, 16, 1, 9, 13
2_30_14 7, 15
4_27_02 4, 12, 16, 8
3_17_06 4, 12, 16
7_29_02 5, 13, 1, 9, 2, 10, 14
2_6_06 1, 9
6_9_14 10, 2, 6, 14, 11, 3
6_6_20 12, 4, 8, 16, 9, 1
8_14_10 9, 1, 5, 13, 6, 14, 2, 10
3_14_12 6, 14, 2
1_19_12 15
5_9_22 14, 6, 10, 2, 15
7_9_12 9, 1, 5, 13, 10, 2, 6
6_8_02 3, 11, 15, 7, 16, 8
5_8_12 8, 16, 4, 12, 13
2_17_14 8, 16
3_29_14 11, 3, 7
4_4_12 7, 15, 3, 11
7_11_18 12, 4, 8, 16, 5, 13, 1
8_26_10 8, 16, 4, 12, 9, 1, 5, 13
3_13_10 9, 1, 5
3_18_20 7, 15, 3
1_25_16 11
3_8_22 9, 1, 13
1_1_00 1
2_13_08 8, 16
8_2_14 8, 16, 4, 12, 9, 1, 5, 13
1_26_00 15
3_22_02 15, 7, 11
5_8_08 6, 14, 2, 10, 11
8_24_08 6, 14, 2, 10, 7, 15, 3, 11
6_22_14 9, 1, 5, 13, 6, 14
4_3_12 7, 15, 3, 11
1_20_12 11
6_15_22 15, 7, 11, 3, 12, 4
8_24_02 3, 11, 15, 7, 4, 12, 16, 8
7_9_02 4, 12, 16, 8, 5, 13, 1
5_6_06 5, 13, 1, 9, 2
4_16_04 6, 14, 2, 10
2_14_04 2, 10
5_31_04 6, 14, 2, 10, 11
1_1_18 10
8_11_04 5, 13, 1, 9, 6, 14, 2, 10
2_26_20 9, 1
1_2_06 16
7_5_20 12, 4, 8, 16, 13, 5, 9
5_5_06 5, 13, 1, 9, 6
3_3_04 3, 11, 7
2_10_08 3, 11
3_7_12 8, 16, 12
5_8_04 4, 12, 16, 8, 9
6_30_20 14, 6, 10, 2, 7, 15
6_5_10 7, 15, 3, 11, 8, 16
7_16_06 7, 15, 3, 11, 8, 16, 4
3_21_14 9, 1, 5
4_22_18 11, 3, 7, 15
5_11_06 6, 14, 2, 10, 15
6_25_12 9, 1, 5, 13, 10, 2
4_17_00 1, 9, 13, 5
6_2_14 8, 16, 4, 12, 5, 13
4_2_06 4, 12, 16, 8
7_26_14 10, 2, 6, 14, 7, 15, 3
6_4_16 9, 1, 5, 13, 6, 14
8_18_14 8, 16, 4, 12, 9, 1, 5, 13
8_13_02 5, 13, 1, 9, 2, 10, 14, 6
5_28_00 3, 11, 15, 7, 8
2_25_06 6, 14
6_26_12 9, 1, 5, 13, 6, 14
2_25_08 7, 15
3_19_22 12, 4, 16
6_1_20 11, 3, 7, 15, 12, 4
1_6_04 16
3_18_14 4, 12, 16
7_14_20 14, 6, 10, 2, 7, 15, 3
2_21_06 5, 13
8_16_04 6, 14, 2, 10, 3, 11, 15, 7
1_7_22 5
6_8_04 4, 12, 16, 8, 1, 9
1_4_02 6
2_12_04 1, 9
8_27_14 10, 2, 6, 14, 11, 3, 7, 15
5_4_10 6, 14, 2, 10, 11
5_3_04 3, 11, 15, 7, 12
3_28_22 10, 2, 14
4_16_20 14, 6, 10, 2
1_23_16 2
6_24_04 4, 12, 16, 8, 1, 9
6_2_12 7, 15, 3, 11, 4, 12
2_4_10 2, 10
5_8_06 5, 13, 1, 9, 10
6_12_18 12, 4, 8, 16, 9, 1
4_14_22 15, 7, 11, 3
8_10_20 13, 5, 9, 1, 14, 6, 10, 2
7_3_04 3, 11, 15, 7, 12, 4, 8
4_17_12 7, 15, 3, 11
4_9_00 3, 11, 15, 7
1_31_20 6
6_16_02 5, 13, 1, 9, 14, 6
5_28_08 7, 15, 3, 11, 12
5_30_12 10, 2, 6, 14, 3
8_16_08 8, 16, 4, 12, 5, 13, 1, 9
5_5_22 13, 5, 9, 1, 14
1_28_00 7
5_12_04 5, 13, 1, 9, 10
7_9_10 8, 16, 4, 12, 9, 1, 5
8_4_00 1, 9, 13, 5, 2, 10, 14, 6
8_7_08 6, 14, 2, 10, 7, 15, 3, 11
3_6_10 3, 11, 15
3_19_04 3, 11, 7
1_15_16 4
2_25_00 3, 11
1_31_22 7
4_3_18 10, 2, 6, 14
7_10_12 9, 1, 5, 13, 6, 14, 2
1_15_04 14
1_22_10 3
4_4_00 1, 9, 13, 5
7_27_22 14, 6, 10, 2, 7, 15, 3
1_2_16 5
8_26_20 13, 5, 9, 1, 14, 6, 10, 2
6_9_00 3, 11, 15, 7, 4, 12
8_8_16 10, 2, 6, 14, 11, 3, 7, 15
6_22_00 2, 10, 14, 6, 15, 7
6_13_06 7, 15, 3, 11, 4, 12
4_27_10 8, 16, 4, 12
6_3_18 10, 2, 6, 14, 11, 3
6_8_10 7, 15, 3, 11, 4, 12
5_29_02 5, 13, 1, 9, 2
3_17_08 5, 13, 1
2_13_02 5, 13
2_5_14 9, 1
4_18_20 11, 3, 7, 15
5_9_10 8, 16, 4, 12, 9
2_28_06 2, 10
8_14_06 7, 15, 3, 11, 4, 12, 16, 8
3_16_14 7, 15, 11
4_13_04 6, 14, 2, 10
3_15_04 6, 14, 10
1_5_20 12
6_20_22 12, 4, 8, 16, 9, 1
1_24_22 1
8_2_22 12, 4, 8, 16, 13, 5, 9, 1
6_4_08 5, 13, 1, 9, 2, 10
7_3_14 8, 16, 4, 12, 1, 9, 13
3_9_00 3, 11, 15
3_18_08 1, 9, 13
3_28_10 4, 12, 8
5_8_22 13, 5, 9, 1, 2
3_3_02 2, 10, 6
4_29_22 15, 7, 11, 3
5_25_12 9, 1, 5, 13, 10
1_5_06 5
8_4_04 3, 11, 15, 7, 4, 12, 16, 8
8_3_20 11, 3, 7, 15, 12, 4, 8, 16
5_28_06 6, 14, 2, 10, 11
3_16_06 3, 11, 7
1_8_20 16
6_13_08 8, 16, 4, 12, 5, 13
2_11_04 5, 13
3_26_22 10, 2, 6
4_28_00 3, 11, 15, 7
4_25_08 7, 15, 3, 11
8_9_00 3, 11, 15, 7, 4, 12, 16, 8
3_21_16 10, 2, 6
7_12_12 9, 1, 5, 13, 14, 6, 10
6_30_16 12, 4, 8, 16, 5, 13
8_20_22 12, 4, 8, 16, 13, 5, 9, 1
1_9_02 4
1_2_12 3
1_14_14 7
5_18_10 6, 14, 2, 10, 3
2_9_20 13, 5
5_10_06 6, 14, 2, 10, 3
1_27_20 5
1_6_22 9
7_5_18 11, 3, 7, 15, 12, 4, 8
6_26_14 10, 2, 6, 14, 7, 15
8_27_16 11, 3, 7, 15, 12, 4, 8, 16
1_22_08 2
6_18_08 5, 13, 1, 9, 2, 10
1_22_00 14
2_17_08 5, 13
1_14_12 6
2_11_06 6, 14
5_12_06 6, 14, 2, 10, 11
7_22_08 6, 14, 2, 10, 3, 11, 15
5_10_02 4, 12, 16, 8, 1
8_30_22 15, 7, 11, 3, 12, 4, 8, 16
2_15_10 9, 1
4_29_02 5, 13, 1, 9
4_24_22 13, 5, 9, 1
6_8_20 12, 4, 8, 16, 9, 1
8_28_12 9, 1, 5, 13, 10, 2, 6, 14
8_20_20 11, 3, 7, 15, 12, 4, 8, 16
8_27_02 4, 12, 16, 8, 5, 13, 1, 9
1_19_16 1
7_19_10 6, 14, 2, 10, 15, 7, 11
8_25_22 14, 6, 10, 2, 15, 7, 11, 3
6_19_04 3, 11, 15, 7, 4, 12
2_13_20 14, 6
4_12_20 13, 5, 9, 1
3_19_06 4, 12, 8
5_28_20 13, 5, 9, 1, 2
1_14_02 1
5_23_16 10, 2, 6, 14, 3
7_29_08 8, 16, 4, 12, 5, 13, 1
1_14_22 11
1_26_08 3
1_9_14 10
2_6_20 8, 16
6_31_02 5, 13, 1, 9, 2, 10
5_18_20 11, 3, 7, 15, 8
1_29_22 15
1_8_14 13
5_6_10 7, 15, 3, 11, 4
1_20_10 10
7_8_12 8, 16, 4, 12, 13, 5, 9
7_12_16 11, 3, 7, 15, 16, 8, 12
6_14_20 14, 6, 10, 2, 7, 15
4_24_18 11, 3, 7, 15
3_30_12 6, 14, 2
1_27_22 6
6_11_20 13, 5, 9, 1, 14, 6
1_29_20 14
6_10_14 10, 2, 6, 14, 7, 15
4_6_06 5, 13, 1, 9
5_20_02 2, 10, 14, 6, 7
7_13_18 13, 5, 9, 1, 10, 2, 6
8_25_14 10, 2, 6, 14, 11, 3, 7, 15
5_7_20 12, 4, 8, 16, 5
4_25_20 13, 5, 9, 1
8_2_12 7, 15, 3, 11, 8, 16, 4, 12
7_29_04 6, 14, 2, 10, 3, 11, 15
1_22_18 7
4_21_10 7, 15, 3, 11
6_13_18 13, 5, 9, 1, 10, 2
2_31_20 14, 6
6_30_22 15, 7, 11, 3, 8, 16
2_1_12 7, 15
7_18_00 1, 9, 13, 5, 14, 6, 10
5_17_02 2, 10, 14, 6, 3
5_23_02 3, 11, 15, 7, 12
5_25_02 4, 12, 16, 8, 5
1_30_04 2
6_29_06 7, 15, 3, 11, 4, 12
7_12_22 14, 6, 10, 2, 3, 11, 15
5_14_02 5, 13, 1, 9, 14
8_25_16 11, 3, 7, 15, 12, 4, 8, 16
4_10_08 7, 15, 3, 11
3_31_10 9, 1, 13
5_8_10 7, 15, 3, 11, 12
6_19_14 8, 16, 4, 12, 9, 1
7_22_16 10, 2, 6, 14, 7, 15, 3
7_1_12 7, 15, 3, 11, 8, 16, 4
8_30_00 4, 12, 16, 8, 1, 9, 13, 5
1_10_00 15
3_15_14 11, 3, 15
7_6_14 9, 1, 5, 13, 6, 14, 2
8_21_04 4, 12, 16, 8, 5, 13, 1, 9
6_24_10 7, 15, 3, 11, 4, 12
7_5_02 3, 11, 15, 7, 4, 12, 16
1_30_12 6
2_26_10 4, 12
8_29_12 10, 2, 6, 14, 7, 15, 3, 11
8_13_22 15, 7, 11, 3, 12, 4, 8, 16
4_25_12 9, 1, 5, 13
2_4_14 4, 12
6_24_20 12, 4, 8, 16, 9, 1
4_4_10 6, 14, 2, 10
4_1_06 4, 12, 16, 8
7_17_22 12, 4, 8, 16, 13, 5, 9
4_29_14 11, 3, 7, 15
3_30_04 2, 10, 14
5_30_20 14, 6, 10, 2, 7
3_29_22 15, 7, 11
8_17_22 12, 4, 8, 16, 13, 5, 9, 1
4_22_12 8, 16, 4, 12
3_25_02 4, 12, 16
1_12_16 15
6_15_06 7, 15, 3, 11, 4, 12
7_23_10 7, 15, 3, 11, 16, 8, 12
3_31_04 6, 14, 10
4_23_18 11, 3, 7, 15
4_26_02 4, 12, 16, 8
2_14_20 10, 2
6_5_18 11, 3, 7, 15, 12, 4
5_14_08 8, 16, 4, 12, 1
2_16_04 2, 10
1_13_02 5
4_1_00 1, 9, 13, 5
8_29_08 8, 16, 4, 12, 5, 13, 1, 9
5_19_20 11, 3, 7, 15, 4
3_25_06 6, 14, 2
8_12_06 6, 14, 2, 10, 7, 15, 3, 11
8_13_00 4, 12, 16, 8, 1, 9, 13, 5
7_18_18 10, 2, 6, 14, 7, 15, 3
8_16_02 5, 13, 1, 9, 2, 10, 14, 6
5_16_18 13, 5, 9, 1, 14
4_28_02 4, 12, 16, 8
1_20_02 6
6_16_16 12, 4, 8, 16, 5, 13
3_6_06 1, 9, 13
6_31_04 6, 14, 2, 10, 3, 11
4_15_04 6, 14, 2, 10
6_10_12 9, 1, 5, 13, 6, 14
5_22_00 2, 10, 14, 6, 15
4_9_18 12, 4, 8, 16
5_14_14 11, 3, 7, 15, 4
5_29_14 11, 3, 7, 15, 8
5_7_04 4, 12, 16, 8, 13
4_15_00 4,12, 16, 8
4_19_06 4, 12, 16, 8
8_1_02 2, 10, 14, 6, 3, 11, 15, 7
5_4_16 9, 1, 5, 13, 14
7_14_08 8, 16, 4, 12, 1, 9, 13
6_28_04 5, 13, 1, 9, 2, 10
3_9_18 12, 4, 8
3_14_02 1, 9, 13
5_20_14 8, 16, 4, 12, 13
8_6_14 9, 1, 5, 13, 10, 2, 6, 14
2_29_20 14, 6
2_11_22 14, 6
1_18_08 1
4_29_16 12, 4, 8, 16
8_3_16 9, 1, 5, 13, 10, 2, 6, 14
1_2_14 4
3_18_22 8, 16, 4
3_12_14 6, 14, 10
6_13_10 9, 1, 5, 13, 6, 14
3_23_08 6, 14, 10
2_22_22 9, 1
1_8_02 7
1_12_04 9
6_20_16 9, 1, 5, 13, 6, 14
8_6_04 4, 12, 16, 8, 5, 13, 1, 9
1_17_06 4
2_28_16 7, 15
7_15_14 11, 3, 7, 15, 16, 8, 12
3_13_20 14, 6, 10
1_8_10 11
4_6_10 7, 15, 3, 11
2_13_18 13, 5
8_12_12 9, 1, 5, 13, 10, 2, 6, 14
5_18_22 12, 4, 8, 16, 9
4_16_02 5, 13, 1, 9
8_11_10 8, 16, 4, 12, 9, 1, 5, 13
8_17_02 2, 10, 14, 6, 3, 11, 15, 7
2_5_18 11, 3
7_14_12 10, 2, 6, 14, 3, 11, 15
7_25_20 13, 5, 9, 1, 14, 6, 10
1_1_10 6
2_9_14 10, 2
6_18_06 4, 12, 16, 8, 1, 9
3_9_16 11, 3, 7
3_2_06 16, 8, 12
8_18_08 5, 13, 1, 9, 6, 14, 2, 10
2_7_10 7, 15
6_5_08 6, 14, 2, 10, 7, 15
5_2_00 1, 9, 13, 5, 14
4_11_16 11, 3, 7, 15
3_24_04 16, 8, 4
3_4_16 5, 13, 9
4_18_06 4, 12, 16, 8
8_12_20 13, 5, 9, 1, 14, 6, 10, 2
1_11_16 3
2_19_12 7, 15
7_21_20 12, 4, 8, 16, 13, 5, 9
6_30_08 8, 16, 4, 12, 1, 9
6_24_16 10, 2, 6, 14, 7, 15
6_16_04 6, 14, 2, 10, 15, 7
1_4_20 15
6_2_06 4, 12, 16, 8, 1, 9
6_23_20 12, 4, 8, 16, 13, 5
1_23_12 16
7_1_18 10, 2, 6, 14, 11, 3, 7
3_23_16 10, 2, 14
8_21_12 8, 16, 4, 12, 9, 1, 5, 13
4_18_02 2, 10, 14, 6
1_3_08 13
4_11_18 12, 4, 8, 16
8_1_14 8, 16, 4, 12, 9, 1, 5, 13
6_26_16 11, 3, 7, 15, 8, 16
6_18_04 3, 11, 15, 7, 16, 8
1_28_12 13
7_31_08 8, 16, 4, 12, 13, 5, 9
5_25_16 11, 3, 7, 15, 12
2_20_04 15, 7
8_24_18 11, 3, 7, 15, 12, 4, 8, 16
8_30_12 10, 2, 6, 14, 7, 15, 3, 11
3_31_02 5, 13, 9
2_15_08 8, 16
4_12_16 11, 3, 7, 15
4_24_20 12, 4, 8, 16
8_24_20 12, 4, 8, 16, 13, 5, 9, 1
6_9_16 11, 3, 7, 15, 12, 4
2_12_14 6, 14
2_29_02 5, 13
4_12_04 5, 13, 1, 9
5_26_12 9, 1, 5, 13, 6
3_11_14 10, 2, 14
1_10_20 9
3_16_16 8, 16, 12
3_31_14 11, 3, 15
2_6_10 3, 11
2_5_20 12, 4
8_30_16 12, 4, 8, 16, 9, 1, 5, 13
7_14_22 15, 7, 11, 3, 8, 16, 4
3_7_08 6, 14, 10
7_28_20 13, 5, 9, 1, 2, 10, 14
3_14_04 2, 10, 14
7_9_08 7, 15, 3, 11, 8, 16, 4
5_23_04 4, 12, 16, 8, 13
3_15_20 14, 6, 2
8_27_10 8, 16, 4, 12, 9, 1, 5, 13
2_31_22 15, 7
1_1_04 3
8_12_02 4, 12, 16, 8, 5, 13, 1, 9
8_22_02 3, 11, 15, 7, 4, 12, 16, 8
2_2_00 13, 5
8_1_16 9, 1, 5, 13, 10, 2, 6, 14
7_13_06 7, 15, 3, 11, 4, 12, 16
6_26_18 12, 4, 8, 16, 9, 1
4_20_10 6, 14, 2, 10
7_24_16 10, 2, 6, 14, 15, 7, 11
1_27_14 2
4_23_22 13, 5, 9, 1
3_17_00 1, 9, 13
7_31_16 12, 4, 8, 16, 1, 9, 13
2_3_00 1, 9
5_4_12 7, 15, 3, 11, 12
6_5_06 5, 13, 1, 9, 6, 14
2_10_00 15, 7
6_30_14 11, 3, 7, 15, 4, 12
4_23_04 4, 12, 16, 8
3_14_00 16, 8, 12
7_8_02 3, 11, 15, 7, 8, 16, 4
8_19_08 5, 13, 1, 9, 6, 14, 2, 10
5_26_00 3, 11, 15, 7, 16
6_7_22 13, 5, 9, 1, 14, 6
6_7_12 8, 16, 4, 12, 9, 1
1_15_22 7
7_30_06 7, 15, 3, 11, 16, 8, 12
8_31_04 6, 14, 2, 10, 3, 11, 15, 7
7_29_16 12, 4, 8, 16, 9, 1, 5
3_10_18 8, 16, 4
5_26_22 14, 6, 10, 2, 11
3_22_18 7, 15, 3
8_9_06 6, 14, 2, 10, 7, 15, 3, 11
1_22_14 5
8_13_20 14, 6, 10, 2, 11, 3, 7, 15
8_31_20 14, 6, 10, 2, 11, 3, 7, 15
4_5_00 2, 10, 14, 6
7_27_12 9, 1, 5, 13, 2, 10, 14
8_28_04 5, 13, 1, 9, 6, 14, 2, 10
6_10_18 12, 4, 8, 16, 9, 1
3_4_22 8, 16, 12
5_1_22 12, 4, 8, 16, 13
8_13_18 13, 5, 9, 1, 10, 2, 6, 14
6_20_12 7, 15, 3, 11, 4, 12
8_8_04 4, 12, 16, 8, 5, 13, 1, 9
5_23_06 5, 13, 1, 9, 14
6_23_22 13, 5, 9, 1, 14, 6
6_4_18 10, 2, 6, 14, 7, 15
3_2_22 8, 16, 4
7_28_00 3, 11, 15, 7, 8, 16, 4
2_7_14 9, 1
4_19_20 11, 3, 7, 15
6_11_08 7, 15, 3, 11, 8, 16
4_31_18 13, 5, 9, 1
4_15_20 14, 6, 10, 2
5_26_18 12, 4, 8, 16, 9
7_2_18 10, 2, 6, 14, 7, 15, 3
6_21_10 7, 15, 3, 11, 8, 16
1_5_08 6
6_13_20 14, 6, 10, 2, 11, 3
3_16_18 9, 1, 13
1_23_22 5
1_26_02 16
4_24_10 7, 15, 3, 11
7_27_08 7, 15, 3, 11, 16, 8, 12
3_17_20 11, 3, 7
1_13_08 8
8_6_18 11, 3, 7, 15, 12, 4, 8, 16
8_15_12 10, 2, 6, 14, 7, 15, 3, 11
8_18_10 6, 14, 2, 10, 7, 15, 3, 11
4_4_16 9, 1, 5, 13
7_1_22 12, 4, 8, 16, 13, 5, 9
4_19_12 7, 15, 3, 11
6_13_14 11, 3, 7, 15, 8, 16
4_12_14 10, 2, 6, 14
2_15_16 12, 4
4_10_10 8, 16, 4, 12
2_22_02 15, 7
2_29_00 4,12
7_10_18 12, 4, 8, 16, 9, 1, 5
5_4_06 4, 12, 16, 8, 9
6_22_10 7, 15, 3, 11, 4, 12
4_16_08 8, 16, 4, 12
5_19_12 7, 15, 3, 11, 16
8_29_14 11, 3, 7, 15, 8, 16, 4, 12
1_15_00 12
1_22_02 15
7_30_16 12, 4, 8, 16, 5, 13, 1
2_1_20 11, 3
3_14_14 7, 15, 3
5_9_18 12, 4, 8, 16, 13
3_13_04 6, 14, 2
3_3_06 4, 12, 8
4_27_14 10, 2, 6, 14
7_15_18 13, 5, 9, 1, 2, 10, 14
4_27_16 11, 3, 7, 15
3_10_22 10, 2, 6
6_28_18 12, 4, 8, 16, 9, 1
5_17_16 9, 1, 5, 13, 10
6_25_04 5, 13, 1, 9, 6, 14
2_25_04 5, 13
3_2_14 4, 12, 16
1_1_16 9
8_30_20 14, 6, 10, 2, 11, 3, 7, 15
5_21_02 3, 11, 15, 7, 4
5_27_22 14, 6, 10, 2, 7
1_8_12 12
8_4_10 6, 14, 2, 10, 7, 15, 3, 11
1_25_02 4
2_30_12 6, 14
5_6_14 9, 1, 5, 13, 6
7_23_06 5, 13, 1, 9, 14, 6, 10
7_30_10 9, 1, 5, 13, 2, 10, 14
8_15_06 7, 15, 3, 11, 4, 12, 16, 8
8_26_22 14, 6, 10, 2, 15, 7, 11, 3
2_5_00 2, 10
3_28_16 7, 15, 11
4_31_16 12, 4, 8, 16
3_24_18 7, 15, 11
7_17_20 11, 3, 7, 15, 12, 4, 8
6_30_18 13, 5, 9, 1, 6, 14
2_9_18 12, 4
7_23_12 8, 16, 4, 12, 1, 9, 13
5_4_18 10, 2, 6, 14, 15
3_19_20 11, 3, 15
6_28_02 4, 12, 16, 8, 1, 9
1_16_04 10
3_4_12 3, 11, 7
7_18_08 5, 13, 1, 9, 2, 10, 14
2_1_00 1, 9
3_20_12 3, 11, 7
6_23_14 9, 1, 5, 13, 10, 2
5_27_08 7, 15, 3, 11, 16
4_21_14 9, 1, 5, 13
3_4_10 2, 10, 6
2_6_00 14, 6
1_2_02 14
2_30_00 16, 8
3_28_20 9, 1, 13
5_2_10 6, 14, 2, 10, 3
4_2_22 12, 4, 8, 16
1_13_10 9
2_26_06 2, 10
6_19_12 7, 15, 3, 11, 8, 16
8_9_18 12, 4, 8, 16, 13, 5, 9, 1
7_31_04 6, 14, 2, 10, 11, 3, 7
2_14_14 7, 15
7_11_14 10, 2, 6, 14, 3, 11, 15
8_4_08 5, 13, 1, 9, 6, 14, 2, 10
3_15_16 12, 4, 16
5_24_14 9, 1, 5, 13, 14
1_6_20 8
8_1_22 12, 4, 8, 16, 13, 5, 9, 1
7_20_18 10, 2, 6, 14, 15, 7, 11
6_20_00 1, 9, 13, 5, 14, 6
2_19_04 3, 11
5_21_04 4, 12, 16, 8, 5
4_15_08 8, 16, 12
6_14_18 13, 5, 9, 1, 6, 14
7_6_00 2, 10, 14, 6, 15, 7, 11
4_24_00 2, 10, 14, 6
5_5_20 12, 4, 8, 16, 13
4_7_14 9, 1, 5, 13
1_21_20 12
7_4_10 6, 14, 2, 10, 11, 3, 7
6_4_14 8, 16, 4, 12, 5, 13
4_8_14 9, 1, 5, 13
8_4_02 2, 10, 14, 6, 3, 11, 15, 7
5_20_12 7, 15, 3, 11, 12
3_26_00 15, 7, 11
3_22_00 14, 6, 10
6_21_04 4, 12, 16, 8, 5, 13
3_29_16 12, 4, 8
2_20_08 1, 9
1_21_22 13
8_9_02 4, 12, 16, 8, 5, 13, 1, 9
2_23_20 12, 4
6_25_06 6, 14, 2, 10, 7, 15
8_7_04 4, 12, 16, 8, 5, 13, 1, 9
6_18_02 2, 10, 14, 6, 15, 7
7_10_00 3, 11, 15, 7, 16, 8, 12
1_17_02 2
6_15_00 4, 12, 16, 8, 1, 9
7_9_20 13, 5, 9, 1, 14, 6, 10
1_3_10 14
8_25_04 5, 13, 1, 9, 6, 14, 2, 10
6_20_08 5, 13, 1, 9, 2, 10
3_12_16 7, 15, 11
8_30_02 5, 13, 1, 9, 2, 10, 14, 6
7_20_02 2, 10, 14, 6, 7, 15, 3
7_29_14 11, 3, 7, 15, 8, 16, 4
7_31_22 15, 7, 11, 3, 4, 12, 16
2_14_12 6, 14
1_31_16 4
4_15_06 7, 15, 3, 11
2_5_06 5, 13
2_25_10 8, 16
4_25_14 10, 2, 6, 14
8_10_06 6, 14, 2, 10, 7, 15, 3, 11
7_6_20 12, 4, 8, 16, 9, 1, 5
6_20_04 3, 11, 15, 7, 16, 8
4_29_10 9, 1, 5, 13
1_16_14 15
1_26_18 8
6_31_06 7, 15, 3, 11, 4, 12
8_11_08 7, 15, 3, 11, 8, 16, 4, 12
6_10_20 13, 5, 9, 1, 10, 2
6_11_12 9, 1, 5, 13, 10, 2
6_24_18 11, 3, 7, 15, 8, 16
2_15_18 13, 5
1_20_18 14
8_27_12 9, 1, 5, 13, 10, 2, 6, 14
8_27_06 6, 14, 2, 10, 7, 15, 3, 11
2_30_08 4, 12
4_18_10 6, 14, 2, 10
2_22_20 8, 16
2_7_16 10, 2
1_7_20 4
7_16_10 9, 1, 5, 13, 10, 2, 6
3_1_00 1, 9, 13
2_27_22 14, 6
3_27_16 11, 3, 15
8_8_00 2, 10, 14, 6, 3, 11, 15, 7
2_19_02 2, 10
1_9_08 7
8_11_20 13, 5, 9, 1, 14, 6, 10, 2
4_5_18 11, 3, 7, 15
4_9_14 10, 2, 6, 14
2_24_08 2, 10
5_20_18 10, 2, 6, 14, 15
8_6_06 5, 13, 1, 9, 6, 14, 2, 10
1_13_00 4
5_17_08 5, 13, 1, 9, 6
2_3_16 9, 1
3_30_14 7, 15, 3
8_16_12 10, 2, 6, 14, 7, 15, 3, 11
7_15_06 7, 15, 3, 11, 12, 4, 8
6_21_14 9, 1, 5, 13, 10, 2
5_10_00 3, 11, 15, 7, 16
7_17_10 6, 14, 2, 10, 7, 15, 3
3_10_10 4, 12, 16
7_24_20 12, 4, 8, 16, 1, 9, 13
2_19_18 10, 2
8_15_04 6, 14, 2, 10, 3, 11, 15, 7
3_3_00 1, 9, 5
6_6_18 11, 3, 7, 15, 8, 16
4_30_20 14, 6, 10, 2
4_22_08 6, 14, 2, 10
7_3_02 2, 10, 14, 6, 11, 3, 7
2_4_00 13, 5
5_16_22 15, 7, 11, 3, 16
2_17_20 11, 3
8_24_22 13, 5, 9, 1, 14, 6, 10, 2
6_24_12 8, 16, 4, 12, 5, 13
8_8_20 12, 4, 8, 16, 13, 5, 9, 1
1_23_02 11
4_6_08 6, 14, 2, 10
3_1_02 2, 10, 14
7_2_16 9, 1, 5, 13, 6, 14, 2
6_9_12 9, 1, 5, 13, 10, 2
4_26_04 5, 13, 1, 9
3_1_14 8, 16, 4
5_30_06 7, 15, 3, 11, 16
5_19_14 8, 16, 4, 12, 1
8_21_08 6, 14, 2, 10, 7, 15, 3, 11
2_31_10 9, 1
3_29_06 7, 15, 3
8_19_18 10, 2, 6, 14, 11, 3, 7, 15
7_5_14 9, 1, 5, 13, 10, 2, 6
1_16_12 14
8_9_16 11, 3, 7, 15, 12, 4, 8, 16
4_18_00 1, 9, 13, 5
4_21_04 4, 12, 16, 8
7_28_04 5, 13, 1, 9, 10, 2, 6
8_10_10 8, 16, 4, 12, 9, 1, 5, 13
7_21_04 4, 12, 16, 8, 5, 13, 1
7_6_04 4, 12, 16, 8, 1, 9, 13
2_23_14 9, 1
8_23_10 7, 15, 3, 11, 8, 16, 4, 12
4_7_12 8, 16, 4, 12
2_11_08 7, 15
8_3_04 3, 11, 15, 7, 4, 12, 16, 8
5_22_12 8, 16, 4, 12, 5
2_25_12 9, 1
4_31_20 14, 6, 10, 2
3_8_14 5, 13, 9
6_7_02 3, 11, 15, 7, 4, 12
3_26_18 8, 16, 4
2_28_14 6, 14
3_5_04 4, 12, 16
5_29_06 7, 15, 3, 11, 4
6_30_06 7, 15, 3, 11, 16, 8
7_5_16 10, 2, 6, 14, 11, 3, 7
3_9_02 4, 12, 16
7_11_20 13, 5, 9, 1, 6, 14, 2
5_5_14 9, 1, 5, 13, 10
4_26_06 6, 14, 2, 10
2_27_18 12, 4
2_27_16 11, 3
6_26_00 3, 11, 15, 7, 16, 8
8_18_16 9, 1, 5, 13, 10, 2, 6, 14
8_20_16 9, 1, 5, 13, 10, 2, 6, 14
6_23_08 6, 14, 2, 10, 7, 15
6_11_14 10, 2, 6, 14, 11, 3
8_4_22 12, 4, 8, 16, 13, 5, 9, 1
4_29_00 4,12, 16, 8
4_18_18 10, 2, 6, 14
7_24_06 5, 13, 1, 9, 10, 2, 6
4_1_20 11, 3, 7, 15
2_7_22 13, 5
3_7_04 4, 12, 8
5_3_22 12, 4, 8, 16, 5
4_22_02 3, 11, 15, 7
6_2_02 2, 10, 14, 6, 15, 7
5_31_02 5, 13, 1, 9, 10
2_14_02 1, 9
4_15_02 5, 13, 1, 9
8_31_18 13, 5, 9, 1, 10, 2, 6, 14
1_26_22 10
7_21_14 9, 1, 5, 13, 10, 2, 6
2_13_16 12, 4
2_26_14 6, 14
5_7_10 7, 15, 3, 11, 16
2_1_04 3, 11
3_18_04 15, 7, 11
5_15_04 6, 14, 2, 10, 11
3_29_20 14, 6, 10
7_3_22 12, 4, 8, 16, 5, 13, 1
3_15_02 5, 13, 9
2_18_20 7, 15
4_6_04 4, 12, 16, 8
1_15_08 16
8_23_04 4, 12, 16, 8, 5, 13, 1, 9
3_29_10 9, 1, 5
6_6_02 3, 11, 15, 7, 16, 8
3_9_08 7, 15, 3
5_30_22 15, 7, 11, 3, 8
5_11_14 10, 2, 6, 14, 3
4_9_12 9, 1, 5, 13
2_18_00 13, 5
2_3_20 11, 3
1_16_16 16
4_16_22 15, 7, 11, 3
2_19_14 8, 16
4_21_22 13, 5, 9, 1
1_4_06 8
8_30_06 7, 15, 3, 11, 4, 12, 16, 8
2_22_00 14, 6
1_18_00 13
4_2_04 3, 11, 15, 7
5_29_12 10, 2, 6, 14, 7
3_7_02 3, 11, 7
3_25_22 14, 6, 10
4_26_22 14, 6, 10, 2
3_12_18 8, 16, 12
3_11_00 3, 11, 7
7_12_04 5, 13, 1, 9, 10, 2, 6
4_6_00 2, 10, 14, 6
4_19_14 8, 16, 4, 12
3_24_00 14, 6, 2
3_20_18 6, 14, 10
7_4_18 10, 2, 6, 14, 15, 7, 11
2_5_22 13, 5
8_29_10 9, 1, 5, 13, 6, 14, 2, 10
2_5_08 6, 14
7_6_06 5, 13, 1, 9, 2, 10, 14
1_3_02 10
5_23_12 8, 16, 4, 12, 1
5_21_18 11, 3, 7, 15, 12
4_5_22 13, 5, 9, 1
7_29_22 15, 7, 11, 3, 12, 4, 8
8_24_14 9, 1, 5, 13, 10, 2, 6, 14
3_10_08 3, 11, 15
3_29_00 4,12, 16
7_19_06 4, 12, 16, 8, 13, 5, 9
3_15_18 13, 5, 1
1_31_14 3
2_2_18 6, 14
4_16_16 12, 4, 8, 16
5_2_04 3, 11, 15, 7, 16
5_28_16 11, 3, 7, 15, 16
8_2_20 11, 3, 7, 15, 12, 4, 8, 16
3_5_08 6, 14, 2
1_7_06 13
6_2_10 6, 14, 2, 10, 3, 11
7_21_16 10, 2, 6, 14, 11, 3, 7
7_15_20 14, 6, 10, 2, 3, 11, 15
6_8_22 13, 5, 9, 1, 10, 2
8_15_00 4, 12, 16, 8, 1, 9, 13, 5
8_15_14 11, 3, 7, 15, 8, 16, 4, 12
6_26_06 6, 14, 2, 10, 3, 11
4_13_16 12, 4, 8, 16
1_28_16 15
2_4_18 6, 14
4_21_18 11, 3, 7, 15
4_10_16 11, 3, 7, 15
3_24_08 2, 10, 6
6_20_14 8, 16, 4, 12, 5, 13
3_7_00 2, 10, 6
6_16_00 4, 12, 16, 8, 13, 5
4_22_10 7, 15, 3, 11
4_30_10 9, 1, 5, 13
5_1_16 9, 1, 5, 13, 10
8_5_12 8, 16, 4, 12, 9, 1, 5, 13
3_12_00 15, 7, 3
4_5_08 6, 14, 2, 10
2_17_22 12, 4
3_27_12 9, 1, 13
1_10_10 4
2_8_14 5, 13
4_21_00 2, 10, 14, 6
1_14_06 3
3_11_20 13, 5, 1
6_9_02 4, 12, 16, 8, 5, 13
8_10_14 10, 2, 6, 14, 11, 3, 7, 15
8_31_14 11, 3, 7, 15, 8, 16, 4, 12
2_30_10 5, 13
4_13_14 11, 3, 7, 15
8_9_08 7, 15, 3, 11, 8, 16, 4, 12
1_19_20 3
7_17_18 10, 2, 6, 14, 11, 3, 7
1_7_12 16
3_20_08 1, 9, 5
6_24_06 5, 13, 1, 9, 2, 10
4_9_04 5, 13, 1, 9
4_15_16 12, 4, 8, 16
7_7_14 9, 1, 5, 13, 2, 10, 14
6_19_08 5, 13, 1, 9, 6, 14
7_4_00 1, 9, 13, 5, 6, 14, 2
1_6_14 5
1_11_02 12
3_2_02 14, 6, 10
1_15_02 13
6_3_22 12, 4, 8, 16, 13, 5
1_13_06 7
4_23_00 2, 10, 14, 6
5_13_18 13, 5, 9, 1, 10
7_18_20 11, 3, 7, 15, 8, 16, 4
8_7_00 2, 10, 14, 6, 3, 11, 15, 7
1_9_12 9
2_3_10 6, 14
1_30_14 7
2_10_22 10, 2
7_17_06 4, 12, 16, 8, 5, 13, 1
5_16_10 9, 1, 5, 13, 10
3_6_14 5, 13, 1
5_11_02 4, 12, 16, 8, 13
2_4_22 8, 16
8_15_10 9, 1, 5, 13, 6, 14, 2, 10
5_5_10 7, 15, 3, 11, 8
7_3_20 11, 3, 7, 15, 4, 12, 16
1_3_04 11
2_17_00 1, 9
6_5_12 8, 16, 4, 12, 9, 1
7_22_04 4, 12, 16, 8, 1, 9, 13
8_24_10 7, 15, 3, 11, 8, 16, 4, 12
7_9_00 3, 11, 15, 7, 4, 12, 16
2_29_10 9, 1
3_4_20 7, 15, 11
7_13_16 12, 4, 8, 16, 9, 1, 5
1_27_06 14
4_8_18 11, 3, 7, 15
3_13_14 11, 3, 7
8_28_16 11, 3, 7, 15, 12, 4, 8, 16
6_27_08 7, 15, 3, 11, 8, 16
2_2_16 5, 13
1_26_20 9
7_29_10 9, 1, 5, 13, 6, 14, 2
6_31_20 14, 6, 10, 2, 11, 3
8_2_16 9, 1, 5, 13, 10, 2, 6, 14
7_26_20 13, 5, 9, 1, 10, 2, 6
3_24_06 1, 9, 5
1_1_08 5
6_4_10 6, 14, 2, 10, 3, 11
2_21_08 6, 14
6_7_20 12, 4, 8, 16, 13, 5
6_21_00 2, 10, 14, 6, 3, 11
2_9_02 4, 12
7_4_02 2, 10, 14, 6, 7, 15, 3
7_25_02 4, 12, 16, 8, 5, 13, 1
4_20_16 9, 1, 5, 13
8_18_20 11, 3, 7, 15, 12, 4, 8, 16
5_12_14 10, 2, 6, 14, 15
8_25_20 13, 5, 9, 1, 14, 6, 10, 2
3_16_20 10, 2, 14
4_10_14 10, 2, 6, 14
8_7_14 9, 1, 5, 13, 10, 2, 6, 14
2_23_16 10, 2
8_7_20 12, 4, 8, 16, 13, 5, 9, 1
8_17_06 4, 12, 16, 8, 5, 13, 1, 9
7_23_08 6, 14, 2, 10, 15, 7, 11
6_30_00 4, 12, 16, 8, 13, 5
8_24_06 5, 13, 1, 9, 6, 14, 2, 10
8_26_04 5, 13, 1, 9, 6, 14, 2, 10
5_2_22 12, 4, 8, 16, 9
7_21_00 2, 10, 14, 6, 3, 11, 15
3_2_20 7, 15, 3
1_11_20 5
1_23_08 14
7_1_00 1, 9, 13, 5, 2, 10, 14
5_6_02 3, 11, 15, 7, 16
1_21_14 9
3_2_08 1, 9, 13
8_21_14 9, 1, 5, 13, 10, 2, 6, 14
1_12_22 2
7_20_14 8, 16, 4, 12, 13, 5, 9
4_28_20 13, 5, 9, 1
4_30_22 15, 7, 11, 3
5_12_02 4, 12, 16, 8, 9
4_3_16 9, 1, 5, 13
5_26_10 8, 16, 4, 12, 5
4_8_06 5, 13, 1, 9
8_3_02 2, 10, 14, 6, 3, 11, 15, 7
3_12_08 3, 11, 7
5_18_06 4, 12, 16, 8, 1
1_12_14 14
5_9_06 6, 14, 2, 10, 7
1_29_14 11
8_22_20 12, 4, 8, 16, 13, 5, 9, 1
7_13_12 10, 2, 6, 14, 7, 15, 3
8_8_22 13, 5, 9, 1, 14, 6, 10, 2
8_17_16 9, 1, 5, 13, 10, 2, 6, 14
6_14_14 11, 3, 7, 15, 4, 12
8_8_10 7, 15, 3, 11, 8, 16, 4, 12
7_25_10 8, 16, 4, 12, 9, 1, 5
5_20_04 3, 11, 15, 7, 8
2_21_10 7, 15
5_6_12 8, 16, 4, 12, 5
7_6_08 6, 14, 2, 10, 3, 11, 15
4_13_10 9, 1, 5, 13
7_25_16 11, 3, 7, 15, 12, 4, 8
5_22_16 10, 2, 6, 14, 7
4_22_00 2, 10, 14, 6
8_10_08 7, 15, 3, 11, 8, 16, 4, 12
6_11_04 5, 13, 1, 9, 6, 14
2_5_04 4, 12
5_4_04 3, 11, 15, 7, 8
8_2_08 5, 13, 1, 9, 6, 14, 2, 10
5_20_10 6, 14, 2, 10, 11
8_13_04 6, 14, 2, 10, 3, 11, 15, 7
6_12_08 7, 15, 3, 11, 4, 12
5_16_16 12, 4, 8, 16, 13
4_20_14 8, 16, 4, 12
4_9_20 13, 5, 9, 1
6_28_20 13, 5, 9, 1, 10, 2
4_6_20 12, 4, 8, 16
6_16_06 7, 15, 3, 11, 16, 8
8_6_02 3, 11, 15, 7, 4, 12, 16, 8
1_1_20 11
3_10_12 5, 13, 1
4_24_08 6, 14, 2, 10
2_28_04 1, 9
7_7_00 2, 10, 14, 6, 11, 3, 7
2_23_00 2, 10
3_28_18 8, 16, 12
7_19_04 3, 11, 15, 7, 12, 4, 8
2_27_20 13, 5
1_6_02 15
6_17_12 7, 15, 3, 11, 8, 16
6_26_02 4, 12, 16, 8, 1, 9
4_4_20 11, 3, 7, 15
4_30_00 4,12, 16, 8
1_13_16 12
7_2_14 8, 16, 4, 12, 5, 13, 1
7_8_10 7, 15, 3, 11, 12, 4, 8
2_17_06 4, 12
6_1_14 8, 16, 4, 12, 9, 1
1_4_12 11
4_6_02 3, 11, 15, 7
4_4_08 5, 13, 1, 9
3_28_02 16, 8, 4
3_28_12 5, 13, 9
2_11_10 8, 16
4_15_18 13, 5, 9, 1
1_29_08 8
6_21_18 11, 3, 7, 15, 12, 4
6_6_08 6, 14, 2, 10, 3, 11
3_12_04 1, 9, 5
6_12_00 3, 11, 15, 7, 16, 8
2_7_18 11, 3
2_20_06 16, 8
4_19_18 10, 2, 6, 14
2_22_04 16, 8
8_6_10 7, 15, 3, 11, 8, 16, 4, 12
1_23_00 10
8_8_18 11, 3, 7, 15, 12, 4, 8, 16
7_24_04 4, 12, 16, 8, 9, 1, 5
7_6_22 13, 5, 9, 1, 10, 2, 6
1_4_22 16
4_13_02 5, 13, 1, 9
5_25_22 14, 6, 10, 2, 15
5_11_08 7, 15, 3, 11, 16
1_28_20 1
4_19_16 9, 1, 5, 13
3_12_02 16, 8, 4
5_10_22 14, 6, 10, 2, 11
1_12_10 12
7_13_20 14, 6, 10, 2, 11, 3, 7
4_20_12 7, 15, 3, 11
3_25_12 9, 1, 5
3_28_06 2, 10, 6
8_13_16 12, 4, 8, 16, 9, 1, 5, 13
3_5_22 13, 5, 9
6_18_18 10, 2, 6, 14, 7, 15
5_18_12 7, 15, 3, 11, 4
3_6_18 7, 15, 3
8_21_18 11, 3, 7, 15, 12, 4, 8, 16
6_8_14 9, 1, 5, 13, 6, 14
2_8_22 9, 1
6_30_02 5, 13, 1, 9, 14, 6
7_28_14 10, 2, 6, 14, 15, 7, 11
2_9_04 5, 13
4_6_16 10, 2, 6, 14
6_19_18 10, 2, 6, 14, 11, 3
2_27_06 6, 14
5_29_18 13, 5, 9, 1, 10
5_2_20 11, 3, 7, 15, 8
2_14_06 3, 11
7_26_16 11, 3, 7, 15, 8, 16, 4
7_23_22 13, 5, 9, 1, 6, 14, 2
6_8_06 5, 13, 1, 9, 2, 10
6_5_20 12, 4, 8, 16, 13, 5
7_27_00 3, 11, 15, 7, 12, 4, 8
4_25_10 8, 16, 4, 12
6_1_08 5, 13, 1, 9, 6, 14
2_28_00 15, 7
1_11_04 13
2_16_20 10, 2
4_5_10 7, 15, 3, 11
2_23_10 7, 15
4_23_14 9, 1, 5, 13
6_1_00 1, 9, 13, 5, 2, 10
7_20_22 12, 4, 8, 16, 1, 9, 13
8_6_20 12, 4, 8, 16, 13, 5, 9, 1
4_12_06 6, 14, 2, 10
8_13_12 10, 2, 6, 14, 7, 15, 3, 11
5_18_08 5, 13, 1, 9, 2
6_11_16 11, 3, 7, 15, 12, 4
7_2_04 3, 11, 15, 7, 16, 8, 12
2_13_22 15, 7
8_3_22 12, 4, 8, 16, 13, 5, 9, 1
3_12_22 10, 2, 14
8_22_14 9, 1, 5, 13, 10, 2, 6, 14
7_6_18 11, 3, 7, 15, 8, 16, 4
7_14_16 12, 4, 8, 16, 5, 13, 1
4_10_06 6, 14, 2, 10
7_22_12 8, 16, 4, 12, 5, 13, 1
7_11_00 3, 11, 15, 7, 12, 4, 8
7_26_22 14, 6, 10, 2, 11, 3, 7
6_21_20 12, 4, 8, 16, 13, 5
5_2_14 8, 16, 4, 12, 5
6_19_02 2, 10, 14, 6, 3, 11
8_12_18 12, 4, 8, 16, 13, 5, 9, 1
8_8_02 3, 11, 15, 7, 4, 12, 16, 8
5_1_04 3, 11, 15, 7, 4
3_10_00 15, 7, 11
2_24_20 8, 16
5_31_00 4, 12, 16, 8, 9
4_31_00 4,12, 16, 8
7_7_16 10, 2, 6, 14, 3, 11, 15
8_1_20 11, 3, 7, 15, 12, 4, 8, 16
8_25_08 7, 15, 3, 11, 8, 16, 4, 12
4_5_16 10, 2, 6, 14
4_31_14 11, 3, 7, 15
6_7_04 4, 12, 16, 8, 5, 13
3_8_10 3, 11, 7
8_17_10 6, 14, 2, 10, 7, 15, 3, 11
1_21_08 6
1_15_12 2
7_4_16 9, 1, 5, 13, 14, 6, 10
1_5_18 11
5_24_22 13, 5, 9, 1, 2
4_7_16 10, 2, 6, 14
7_2_10 6, 14, 2, 10, 3, 11, 15
4_3_08 5, 13, 1, 9
1_3_00 9
7_28_18 12, 4, 8, 16, 1, 9, 13
5_12_08 7, 15, 3, 11, 12
3_3_20 11, 3, 15
7_30_12 10, 2, 6, 14, 3, 11, 15
