8_22_14 9, 1, 5, 13, 10, 2, 6, 14
4_22_02 3, 11, 15, 7
4_8_04 4, 12, 16, 8
6_9_10 8, 16, 4, 12, 9, 1
6_23_00 2, 10, 14, 6, 3, 11
3_13_06 7, 15, 3
3_12_04 1, 9, 5
4_25_00 3, 11, 15, 7
3_5_18 11, 3, 7
4_30_22 15, 7, 11, 3
2_28_14 6, 14
6_17_18 10, 2, 6, 14, 11, 3
3_1_18 10, 2, 6
1_9_20 13
1_10_02 16
4_29_16 12, 4, 8, 16
3_16_10 5, 13, 9
5_12_08 7, 15, 3, 11, 12
3_8_08 2, 10, 6
2_22_04 16, 8
1_15_02 13
8_4_20 11, 3, 7, 15, 12, 4, 8, 16
7_12_20 13, 5, 9, 1, 2, 10, 14
6_27_14 10, 2, 6, 14, 11, 3
8_3_12 7, 15, 3, 11, 8, 16, 4, 12
4_26_22 14, 6, 10, 2
6_28_20 13, 5, 9, 1, 10, 2
6_26_16 11, 3, 7, 15, 8, 16
4_25_14 10, 2, 6, 14
6_4_02 2, 10, 14, 6, 15, 7
2_22_18 7, 15
2_28_18 8, 16
5_5_22 13, 5, 9, 1, 14
8_1_04 3, 11, 15, 7, 4, 12, 16, 8
3_2_22 8, 16, 4
2_15_18 13, 5
2_8_14 5, 13
2_10_20 9, 1
4_9_04 5, 13, 1, 9
8_27_04 5, 13, 1, 9, 6, 14, 2, 10
8_16_20 14, 6, 10, 2, 11, 3, 7, 15
5_12_20 13, 5, 9, 1, 2
7_19_08 5, 13, 1, 9, 14, 6, 10
4_14_10 9, 1, 5, 13
2_31_14 11, 3
3_9_00 3, 11, 15
8_17_22 12, 4, 8, 16, 13, 5, 9, 1
1_7_04 12
8_28_16 11, 3, 7, 15, 12, 4, 8, 16
3_14_00 16, 8, 12
5_4_12 7, 15, 3, 11, 12
6_2_06 4, 12, 16, 8, 1, 9
2_17_18 10, 2
8_18_14 8, 16, 4, 12, 9, 1, 5, 13
4_3_10 6, 14, 2, 10
4_8_02 3, 11, 15, 7
3_18_14 4, 12, 16
6_5_08 6, 14, 2, 10, 7, 15
1_25_20 13
1_8_14 13
1_2_00 13
6_6_20 12, 4, 8, 16, 9, 1
7_5_06 5, 13, 1, 9, 6, 14, 2
4_13_12 10, 2, 6, 14
7_15_16 12, 4, 8, 16, 1, 9, 13
2_28_08 3, 11
6_19_00 1, 9, 13, 5, 2, 10
8_1_18 10, 2, 6, 14, 11, 3, 7, 15
6_6_04 4, 12, 16, 8, 1, 9
7_26_12 9, 1, 5, 13, 6, 14, 2
4_16_06 7, 15, 3, 11
2_14_14 7, 15
8_16_18 13, 5, 9, 1, 10, 2, 6, 14
7_18_20 11, 3, 7, 15, 8, 16, 4
7_8_02 3, 11, 15, 7, 8, 16, 4
6_28_00 3, 11, 15, 7, 16, 8
3_31_12 10, 2, 14
6_8_02 3, 11, 15, 7, 16, 8
8_2_02 2, 10, 14, 6, 3, 11, 15, 7
2_26_12 5, 13
3_25_06 6, 14, 2
2_9_22 14, 6
7_29_10 9, 1, 5, 13, 6, 14, 2
4_6_22 13, 5, 9, 1
1_4_06 8
1_2_16 5
4_22_22 13, 5, 9, 1
5_30_08 8, 16, 4, 12, 1
7_24_22 13, 5, 9, 1, 2, 10, 14
8_10_22 14, 6, 10, 2, 15, 7, 11, 3
7_30_16 12, 4, 8, 16, 5, 13, 1
3_13_10 9, 1, 5
5_9_12 9, 1, 5, 13, 10
5_2_08 5, 13, 1, 9, 2
1_4_00 5
2_6_10 3, 11
4_30_14 11, 3, 7, 15
4_5_14 9, 1, 5, 13
3_3_20 11, 3, 15
1_26_20 9
6_25_02 4, 12, 16, 8, 5, 13
2_6_04 16, 8
4_7_04 4, 12, 16, 8
6_26_12 9, 1, 5, 13, 6, 14
6_7_02 3, 11, 15, 7, 4, 12
1_15_06 15
1_30_22 11
7_17_22 12, 4, 8, 16, 13, 5, 9
6_9_04 5, 13, 1, 9, 6, 14
6_15_18 13, 5, 9, 1, 10, 2
6_5_04 4, 12, 16, 8, 5, 13
8_24_20 12, 4, 8, 16, 13, 5, 9, 1
3_21_00 2, 10, 14
7_24_06 5, 13, 1, 9, 10, 2, 6
5_30_22 15, 7, 11, 3, 8
7_19_14 8, 16, 4, 12, 1, 9, 13
2_3_14 8, 16
5_9_10 8, 16, 4, 12, 9
5_12_04 5, 13, 1, 9, 10
8_13_08 8, 16, 4, 12, 5, 13, 1, 9
1_31_14 3
6_12_22 14, 6, 10, 2, 11, 3
7_5_04 4, 12, 16, 8, 5, 13, 1
4_31_12 10, 2, 6, 14
7_31_10 9, 1, 5, 13, 14, 6, 10
6_28_16 11, 3, 7, 15, 8, 16
3_2_14 4, 12, 16
7_29_20 14, 6, 10, 2, 11, 3, 7
5_1_14 8, 16, 4, 12, 9
5_29_08 8, 16, 4, 12, 5
6_25_00 3, 11, 15, 7, 4, 12
5_28_02 4, 12, 16, 8, 9
6_29_00 4, 12, 16, 8, 1, 9
6_10_10 8, 16, 4, 12, 5, 13
3_29_04 6, 14, 2
4_31_04 6, 14, 2, 10
5_1_04 3, 11, 15, 7, 4
3_9_06 6, 14, 2
5_31_08 8, 16, 4, 12, 13
4_7_16 10, 2, 6, 14
1_26_14 6
7_25_00 3, 11, 15, 7, 4, 12, 16
7_27_22 14, 6, 10, 2, 7, 15, 3
6_15_00 4, 12, 16, 8, 1, 9
7_8_04 4, 12, 16, 8, 9, 1, 5
1_11_12 1
5_19_08 5, 13, 1, 9, 14
3_5_22 13, 5, 9
3_27_14 10, 2, 14
4_11_06 6, 14, 2, 10
2_23_14 9, 1
4_23_08 6, 14, 2, 10
7_22_22 13, 5, 9, 1, 10, 2, 6
3_30_12 6, 14, 2
7_12_18 12, 4, 8, 16, 1, 9, 13
7_28_00 3, 11, 15, 7, 8, 16, 4
1_26_04 1
8_26_14 10, 2, 6, 14, 11, 3, 7, 15
6_3_02 2, 10, 14, 6, 3, 11
2_28_22 10, 2
2_7_20 12, 4
1_1_16 9
5_17_16 9, 1, 5, 13, 10
4_18_10 6, 14, 2, 10
4_31_20 14, 6, 10, 2
6_24_20 12, 4, 8, 16, 9, 1
3_26_18 8, 16, 4
5_9_00 3, 11, 15, 7, 4
8_25_00 3, 11, 15, 7, 4, 12, 16, 8
1_29_10 9
5_10_10 8, 16, 4, 12, 5
5_22_02 3, 11, 15, 7, 16
5_28_18 12, 4, 8, 16, 1
4_25_22 14, 6, 10, 2
8_21_10 7, 15, 3, 11, 8, 16, 4, 12
3_24_16 6, 14, 10
3_31_22 15, 7, 3
5_20_10 6, 14, 2, 10, 11
2_29_16 12, 4
7_28_20 13, 5, 9, 1, 2, 10, 14
4_28_04 5, 13, 1, 9
6_4_22 12, 4, 8, 16, 9, 1
5_26_14 10, 2, 6, 14, 7
3_21_08 6, 14, 2
2_9_06 6, 14
5_12_12 9, 1, 5, 13, 14
6_15_22 15, 7, 11, 3, 12, 4
5_10_00 3, 11, 15, 7, 16
8_28_20 13, 5, 9, 1, 14, 6, 10, 2
2_15_20 14, 6
5_4_20 11, 3, 7, 15, 16
7_18_08 5, 13, 1, 9, 2, 10, 14
4_1_14 8, 16, 4, 12
1_20_02 6
8_30_00 4, 12, 16, 8, 1, 9, 13, 5
8_2_00 1, 9, 13, 5, 2, 10, 14, 6
4_1_12 7, 15, 3, 11
2_31_10 9, 1
7_9_02 4, 12, 16, 8, 5, 13, 1
1_3_04 11
6_16_14 11, 3, 7, 15, 4, 12
2_4_00 13, 5
5_18_14 8, 16, 4, 12, 5
7_31_08 8, 16, 4, 12, 13, 5, 9
6_10_14 10, 2, 6, 14, 7, 15
8_30_08 8, 16, 4, 12, 5, 13, 1, 9
1_9_00 3
2_21_18 11, 3
8_8_04 4, 12, 16, 8, 5, 13, 1, 9
4_7_20 12, 4, 8, 16
8_30_22 15, 7, 11, 3, 12, 4, 8, 16
4_14_08 8, 16, 4, 12
8_6_22 13, 5, 9, 1, 14, 6, 10, 2
6_29_22 15, 7, 11, 3, 12, 4
5_5_14 9, 1, 5, 13, 10
6_7_10 7, 15, 3, 11, 8, 16
4_15_04 6, 14, 2, 10
2_2_02 14, 6
6_30_22 15, 7, 11, 3, 8, 16
2_18_10 2, 10
8_18_10 6, 14, 2, 10, 7, 15, 3, 11
4_29_12 10, 2, 6, 14
8_8_08 6, 14, 2, 10, 7, 15, 3, 11
7_10_14 10, 2, 6, 14, 7, 15, 3
3_16_12 6, 14, 10
8_20_16 9, 1, 5, 13, 10, 2, 6, 14
6_27_06 6, 14, 2, 10, 7, 15
3_31_16 12, 4, 16
2_7_22 13, 5
4_19_14 8, 16, 4, 12
8_22_20 12, 4, 8, 16, 13, 5, 9, 1
8_8_12 8, 16, 4, 12, 9, 1, 5, 13
7_20_04 3, 11, 15, 7, 8, 16, 4
5_12_00 3, 11, 15, 7, 8
3_15_20 14, 6, 2
2_18_02 14, 6
6_14_06 7, 15, 3, 11, 16, 8
1_11_04 13
2_27_00 3, 11
2_2_10 2, 10
5_8_14 9, 1, 5, 13, 14
4_27_10 8, 16, 4, 12
7_27_10 8, 16, 4, 12, 1, 9, 13
8_14_12 10, 2, 6, 14, 7, 15, 3, 11
5_7_06 5, 13, 1, 9, 14
6_5_12 8, 16, 4, 12, 9, 1
1_28_20 1
8_30_10 9, 1, 5, 13, 6, 14, 2, 10
4_6_00 2, 10, 14, 6
2_17_00 1, 9
7_7_10 7, 15, 3, 11, 16, 8, 12
1_30_04 2
6_31_18 13, 5, 9, 1, 10, 2
8_28_10 8, 16, 4, 12, 9, 1, 5, 13
1_26_16 7
8_6_10 7, 15, 3, 11, 8, 16, 4, 12
5_19_20 11, 3, 7, 15, 4
1_18_12 3
4_22_08 6, 14, 2, 10
3_24_10 3, 11, 7
5_3_00 1, 9, 13, 5, 10
2_7_04 4, 12
1_24_22 1
2_21_08 6, 14
7_8_18 11, 3, 7, 15, 16, 8, 12
8_22_16 10, 2, 6, 14, 11, 3, 7, 15
2_21_20 12, 4
2_11_04 5, 13
1_6_14 5
5_1_12 7, 15, 3, 11, 8
2_30_04 2, 10
3_23_04 4, 12, 8
6_30_20 14, 6, 10, 2, 7, 15
3_21_10 7, 15, 3
3_3_00 1, 9, 5
7_7_14 9, 1, 5, 13, 2, 10, 14
2_1_16 9, 1
8_21_14 9, 1, 5, 13, 10, 2, 6, 14
2_14_04 2, 10
3_4_00 13, 5, 1
4_15_18 13, 5, 9, 1
1_25_06 6
1_13_06 7
2_1_04 3, 11
8_20_14 8, 16, 4, 12, 9, 1, 5, 13
5_23_12 8, 16, 4, 12, 1
1_7_12 16
6_17_14 8, 16, 4, 12, 9, 1
8_21_12 8, 16, 4, 12, 9, 1, 5, 13
8_7_02 3, 11, 15, 7, 4, 12, 16, 8
3_10_20 9, 1, 5
1_4_14 12
7_10_04 5, 13, 1, 9, 2, 10, 14
1_29_00 4
2_21_16 10, 2
2_14_22 11, 3
4_11_12 9, 1, 5, 13
7_13_06 7, 15, 3, 11, 4, 12, 16
5_22_04 4, 12, 16, 8, 1
2_2_04 15, 7
6_21_10 7, 15, 3, 11, 8, 16
3_7_14 9, 1, 13
2_22_16 6, 14
5_10_04 5, 13, 1, 9, 2
6_31_08 8, 16, 4, 12, 5, 13
8_25_04 5, 13, 1, 9, 6, 14, 2, 10
6_8_06 5, 13, 1, 9, 2, 10
2_26_00 15, 7
3_26_20 9, 1, 5
8_1_12 7, 15, 3, 11, 8, 16, 4, 12
2_23_04 4, 12
5_11_20 13, 5, 9, 1, 6
1_3_12 15
6_7_20 12, 4, 8, 16, 13, 5
6_17_08 5, 13, 1, 9, 6, 14
2_21_22 13, 5
5_9_04 5, 13, 1, 9, 6
8_19_20 11, 3, 7, 15, 12, 4, 8, 16
3_15_00 4,12, 8
2_17_22 12, 4
3_30_02 1, 9, 13
3_20_20 7, 15, 11
1_17_16 9
5_29_04 6, 14, 2, 10, 3
6_23_18 11, 3, 7, 15, 12, 4
4_20_06 4, 12, 16, 8
5_18_20 11, 3, 7, 15, 8
7_12_02 4, 12, 16, 8, 9, 1, 5
5_6_18 11, 3, 7, 15, 8
3_31_04 6, 14, 10
4_30_20 14, 6, 10, 2
6_3_06 4, 12, 16, 8, 5, 13
5_5_18 11, 3, 7, 15, 12
7_2_02 2, 10, 14, 6, 15, 7, 11
2_5_00 2, 10
1_7_08 14
2_26_08 3, 11
3_22_04 16, 8, 12
2_1_06 4, 12
5_9_16 11, 3, 7, 15, 12
5_19_10 6, 14, 2, 10, 15
3_20_22 8, 16, 12
8_14_22 15, 7, 11, 3, 12, 4, 8, 16
7_19_00 1, 9, 13, 5, 10, 2, 6
8_28_00 3, 11, 15, 7, 4, 12, 16, 8
6_6_08 6, 14, 2, 10, 3, 11
6_16_20 14, 6, 10, 2, 7, 15
3_21_14 9, 1, 5
4_28_16 11, 3, 7, 15
5_11_10 8, 16, 4, 12, 1
7_25_04 5, 13, 1, 9, 6, 14, 2
2_27_18 12, 4
2_2_12 3, 11
5_13_14 11, 3, 7, 15, 8
6_2_10 6, 14, 2, 10, 3, 11
2_25_18 12, 4
3_2_02 14, 6, 10
5_9_06 6, 14, 2, 10, 7
7_12_12 9, 1, 5, 13, 14, 6, 10
8_13_20 14, 6, 10, 2, 11, 3, 7, 15
1_14_04 2
6_8_08 6, 14, 2, 10, 3, 11
1_6_22 9
8_23_06 5, 13, 1, 9, 6, 14, 2, 10
6_23_20 12, 4, 8, 16, 13, 5
1_16_02 9
1_1_04 3
3_27_06 6, 14, 10
3_18_22 8, 16, 4
6_15_10 9, 1, 5, 13, 6, 14
7_6_18 11, 3, 7, 15, 8, 16, 4
6_27_02 4, 12, 16, 8, 5, 13
1_27_14 2
4_29_10 9, 1, 5, 13
8_23_02 3, 11, 15, 7, 4, 12, 16, 8
3_26_16 7, 15, 3
1_4_12 11
2_16_16 8, 16
7_5_16 10, 2, 6, 14, 11, 3, 7
8_6_06 5, 13, 1, 9, 6, 14, 2, 10
8_29_00 4, 12, 16, 8, 1, 9, 13, 5
7_28_06 6, 14, 2, 10, 11, 3, 7
7_17_10 6, 14, 2, 10, 7, 15, 3
3_19_10 6, 14, 10
4_16_20 14, 6, 10, 2
5_1_18 10, 2, 6, 14, 11
1_22_18 7
6_30_18 13, 5, 9, 1, 6, 14
5_30_14 11, 3, 7, 15, 4
5_1_02 2, 10, 14, 6, 3
4_15_10 9, 1, 5, 13
3_25_18 12, 4, 8
5_17_02 2, 10, 14, 6, 3
7_23_10 7, 15, 3, 11, 16, 8, 12
5_29_20 14, 6, 10, 2, 11
8_26_22 14, 6, 10, 2, 15, 7, 11, 3
7_9_16 11, 3, 7, 15, 12, 4, 8
1_29_04 6
6_14_08 8, 16, 4, 12, 1, 9
8_29_04 6, 14, 2, 10, 3, 11, 15, 7
8_4_14 8, 16, 4, 12, 9, 1, 5, 13
6_29_14 11, 3, 7, 15, 8, 16
1_15_18 5
7_14_22 15, 7, 11, 3, 8, 16, 4
2_3_02 2, 10
1_31_12 2
7_4_06 4, 12, 16, 8, 9, 1, 5
7_16_18 13, 5, 9, 1, 14, 6, 10
8_21_16 10, 2, 6, 14, 11, 3, 7, 15
4_22_04 4, 12, 16, 8
4_1_20 11, 3, 7, 15
6_15_16 12, 4, 8, 16, 9, 1
6_11_08 7, 15, 3, 11, 8, 16
8_17_00 1, 9, 13, 5, 2, 10, 14, 6
7_10_02 4, 12, 16, 8, 1, 9, 13
5_16_08 8, 16, 4, 12, 9
7_7_04 4, 12, 16, 8, 13, 5, 9
2_23_18 11, 3
3_6_16 6, 14, 2
1_23_02 11
3_11_08 7, 15, 11
5_23_10 7, 15, 3, 11, 16
4_3_02 2, 10, 14, 6
2_3_08 5, 13
4_18_00 1, 9, 13, 5
8_18_16 9, 1, 5, 13, 10, 2, 6, 14
4_21_18 11, 3, 7, 15
6_11_12 9, 1, 5, 13, 10, 2
2_27_16 11, 3
1_3_22 4
2_20_08 1, 9
4_10_00 3, 11, 15, 7
6_12_16 11, 3, 7, 15, 8, 16
1_5_18 11
5_1_20 11, 3, 7, 15, 12
8_27_22 14, 6, 10, 2, 15, 7, 11, 3
8_7_22 13, 5, 9, 1, 14, 6, 10, 2
6_18_22 12, 4, 8, 16, 9, 1
3_29_00 4,12, 16
8_5_10 7, 15, 3, 11, 8, 16, 4, 12
5_13_22 15, 7, 11, 3, 12
6_13_20 14, 6, 10, 2, 11, 3
7_6_04 4, 12, 16, 8, 1, 9, 13
7_27_12 9, 1, 5, 13, 2, 10, 14
4_6_08 6, 14, 2, 10
4_21_20 12, 4, 8, 16
1_7_22 5
1_1_12 7
7_24_10 7, 15, 3, 11, 12, 4, 8
8_16_22 15, 7, 11, 3, 12, 4, 8, 16
5_1_16 9, 1, 5, 13, 10
3_18_18 6, 14, 2
7_6_02 3, 11, 15, 7, 16, 8, 12
7_7_06 5, 13, 1, 9, 14, 6, 10
5_11_00 3, 11, 15, 7, 12
3_12_16 7, 15, 11
3_11_12 9, 1, 13
4_17_12 7, 15, 3, 11
2_31_12 10, 2
4_11_02 4, 12, 16, 8
8_11_22 14, 6, 10, 2, 15, 7, 11, 3
1_5_04 4
5_3_04 3, 11, 15, 7, 12
2_16_14 7, 15
7_23_16 10, 2, 6, 14, 3, 11, 15
4_30_16 12, 4, 8, 16
4_17_16 9, 1, 5, 13
8_13_16 12, 4, 8, 16, 9, 1, 5, 13
2_31_08 8, 16
6_31_20 14, 6, 10, 2, 11, 3
2_7_02 3, 11
4_19_18 10, 2, 6, 14
3_1_20 11, 3, 7
7_21_14 9, 1, 5, 13, 10, 2, 6
1_14_08 4
4_25_04 5, 13, 1, 9
1_25_10 8
8_13_22 15, 7, 11, 3, 12, 4, 8, 16
6_15_20 14, 6, 10, 2, 11, 3
2_5_18 11, 3
1_6_06 1
7_6_10 7, 15, 3, 11, 4, 12, 16
6_25_10 8, 16, 4, 12, 9, 1
8_28_18 12, 4, 8, 16, 13, 5, 9, 1
1_9_12 9
1_20_18 14
4_5_00 2, 10, 14, 6
7_3_20 11, 3, 7, 15, 4, 12, 16
2_11_14 10, 2
1_16_18 1
6_27_12 9, 1, 5, 13, 10, 2
2_15_04 6, 14
5_12_06 6, 14, 2, 10, 11
1_11_14 2
1_27_04 13
5_17_14 8, 16, 4, 12, 9
1_25_12 9
7_18_06 4, 12, 16, 8, 1, 9, 13
4_27_12 9, 1, 5, 13
1_14_00 16
7_20_22 12, 4, 8, 16, 1, 9, 13
5_9_22 14, 6, 10, 2, 15
3_6_04 16, 8, 12
6_16_04 6, 14, 2, 10, 15, 7
3_22_08 2, 10, 14
8_21_22 13, 5, 9, 1, 14, 6, 10, 2
6_22_16 10, 2, 6, 14, 7, 15
3_18_10 2, 10, 14
7_1_08 5, 13, 1, 9, 6, 14, 2
4_26_04 5, 13, 1, 9
4_9_22 14, 6, 10, 2
7_31_04 6, 14, 2, 10, 11, 3, 7
3_27_10 8, 16, 12
8_15_12 10, 2, 6, 14, 7, 15, 3, 11
1_27_00 11
2_8_22 9, 1
8_12_20 13, 5, 9, 1, 14, 6, 10, 2
7_7_02 3, 11, 15, 7, 12, 4, 8
1_10_12 5
3_12_20 9, 1, 13
5_16_18 13, 5, 9, 1, 14
2_9_16 11, 3
7_8_16 10, 2, 6, 14, 15, 7, 11
1_4_02 6
8_12_08 7, 15, 3, 11, 8, 16, 4, 12
8_15_04 6, 14, 2, 10, 3, 11, 15, 7
4_9_16 11, 3, 7, 15
1_16_08 12
1_19_14 16
6_4_14 8, 16, 4, 12, 5, 13
3_6_14 5, 13, 1
8_15_02 5, 13, 1, 9, 2, 10, 14, 6
1_21_18 11
6_1_00 1, 9, 13, 5, 2, 10
8_18_08 5, 13, 1, 9, 6, 14, 2, 10
2_9_10 8, 16
7_9_12 9, 1, 5, 13, 10, 2, 6
8_31_12 10, 2, 6, 14, 7, 15, 3, 11
3_8_20 8, 16, 12
6_2_02 2, 10, 14, 6, 15, 7
4_16_16 12, 4, 8, 16
3_2_16 5, 13, 1
2_19_18 10, 2
6_10_18 12, 4, 8, 16, 9, 1
8_23_20 12, 4, 8, 16, 13, 5, 9, 1
4_14_22 15, 7, 11, 3
6_2_00 1, 9, 13, 5, 14, 6
4_20_04 3, 11, 15, 7
3_25_16 11, 3, 7
2_7_10 7, 15
4_9_00 3, 11, 15, 7
3_11_04 5, 13, 9
4_17_06 4, 12, 16, 8
5_21_00 2, 10, 14, 6, 3
8_29_10 9, 1, 5, 13, 6, 14, 2, 10
3_8_04 16, 8, 4
4_12_02 4, 12, 16, 8
3_27_04 5, 13, 9
5_4_00 1, 9, 13, 5, 6
7_24_08 6, 14, 2, 10, 11, 3, 7
8_14_06 7, 15, 3, 11, 4, 12, 16, 8
3_23_02 3, 11, 7
2_10_12 5, 13
6_8_22 13, 5, 9, 1, 10, 2
4_4_06 4, 12, 16, 8
6_5_02 3, 11, 15, 7, 4, 12
3_3_06 4, 12, 8
5_22_20 12, 4, 8, 16, 9
3_9_14 10, 2, 6
6_20_02 2, 10, 14, 6, 15, 7
6_10_04 5, 13, 1, 9, 2, 10
3_24_14 5, 13, 9
6_18_10 6, 14, 2, 10, 3, 11
4_25_10 8, 16, 4, 12
4_20_12 7, 15, 3, 11
5_8_02 3, 11, 15, 7, 8
3_22_06 1, 9, 13
8_17_04 3, 11, 15, 7, 4, 12, 16, 8
5_11_18 12, 4, 8, 16, 5
7_20_08 5, 13, 1, 9, 10, 2, 6
1_26_12 5
3_28_14 6, 14, 10
2_13_18 13, 5
7_18_02 2, 10, 14, 6, 15, 7, 11
6_16_10 9, 1, 5, 13, 2, 10
7_10_22 14, 6, 10, 2, 11, 3, 7
7_15_00 4, 12, 16, 8, 9, 1, 5
3_24_00 14, 6, 2
4_23_20 12, 4, 8, 16
4_18_14 8, 16, 4, 12
1_23_10 15
3_28_22 10, 2, 14
2_5_12 8, 16
6_11_18 12, 4, 8, 16, 13, 5
5_27_12 9, 1, 5, 13, 2
5_1_10 6, 14, 2, 10, 7
5_19_18 10, 2, 6, 14, 3
7_21_16 10, 2, 6, 14, 11, 3, 7
6_14_04 6, 14, 2, 10, 15, 7
1_15_12 2
2_2_22 8, 16
3_22_12 4, 12, 16
8_27_10 8, 16, 4, 12, 9, 1, 5, 13
8_14_04 6, 14, 2, 10, 3, 11, 15, 7
5_23_06 5, 13, 1, 9, 14
8_5_20 12, 4, 8, 16, 13, 5, 9, 1
5_2_10 6, 14, 2, 10, 3
4_12_14 10, 2, 6, 14
3_12_22 10, 2, 14
2_20_04 15, 7
5_18_00 1, 9, 13, 5, 14
7_15_10 9, 1, 5, 13, 14, 6, 10
3_21_06 5, 13, 1
1_20_12 11
8_25_08 7, 15, 3, 11, 8, 16, 4, 12
4_17_00 1, 9, 13, 5
5_8_22 13, 5, 9, 1, 2
3_6_00 14, 6, 10
1_12_02 8
7_28_08 7, 15, 3, 11, 12, 4, 8
3_25_12 9, 1, 5
8_22_18 11, 3, 7, 15, 12, 4, 8, 16
4_23_00 2, 10, 14, 6
3_1_02 2, 10, 14
1_11_02 12
2_25_04 5, 13
3_14_14 7, 15, 3
1_24_20 16
5_18_12 7, 15, 3, 11, 4
4_12_18 12, 4, 8, 16
4_15_06 7, 15, 3, 11
6_23_12 8, 16, 4, 12, 9, 1
8_16_04 6, 14, 2, 10, 3, 11, 15, 7
1_16_06 11
7_15_20 14, 6, 10, 2, 3, 11, 15
4_11_14 10, 2, 6, 14
7_26_20 13, 5, 9, 1, 10, 2, 6
5_5_02 3, 11, 15, 7, 4
6_27_20 13, 5, 9, 1, 14, 6
7_12_00 3, 11, 15, 7, 8, 16, 4
3_3_22 12, 4, 16
7_5_02 3, 11, 15, 7, 4, 12, 16
2_22_02 15, 7
7_26_04 5, 13, 1, 9, 2, 10, 14
7_30_22 15, 7, 11, 3, 8, 16, 4
6_9_22 14, 6, 10, 2, 15, 7
1_7_02 11
2_26_10 4, 12
2_21_10 7, 15
6_28_18 12, 4, 8, 16, 9, 1
4_6_02 3, 11, 15, 7
5_13_12 10, 2, 6, 14, 7
4_14_04 6, 14, 2, 10
8_12_22 14, 6, 10, 2, 15, 7, 11, 3
2_19_22 12, 4
4_3_06 4, 12, 16, 8
4_31_10 9, 1, 5, 13
4_26_08 7, 15, 3, 11
8_4_12 7, 15, 3, 11, 8, 16, 4, 12
4_25_06 6, 14, 2, 10
3_12_14 6, 14, 10
2_3_22 12, 4
7_23_00 2, 10, 14, 6, 11, 3, 7
1_17_18 10
8_12_04 5, 13, 1, 9, 6, 14, 2, 10
3_2_04 15, 7, 11
6_22_20 12, 4, 8, 16, 9, 1
4_24_16 10, 2, 6, 14
6_12_04 5, 13, 1, 9, 2, 10
7_30_10 9, 1, 5, 13, 2, 10, 14
1_6_20 8
2_17_02 2, 10
8_4_16 9, 1, 5, 13, 10, 2, 6, 14
3_12_02 16, 8, 4
4_26_06 6, 14, 2, 10
1_24_12 12
7_10_12 9, 1, 5, 13, 6, 14, 2
6_19_14 8, 16, 4, 12, 9, 1
7_26_06 6, 14, 2, 10, 3, 11, 15
3_23_20 12, 4, 16
7_22_00 2, 10, 14, 6, 15, 7, 11
8_10_20 13, 5, 9, 1, 14, 6, 10, 2
7_6_06 5, 13, 1, 9, 2, 10, 14
6_2_18 10, 2, 6, 14, 7, 15
7_2_14 8, 16, 4, 12, 5, 13, 1
8_31_14 11, 3, 7, 15, 8, 16, 4, 12
5_8_04 4, 12, 16, 8, 9
5_16_16 12, 4, 8, 16, 13
1_13_02 5
4_2_04 3, 11, 15, 7
6_20_16 9, 1, 5, 13, 6, 14
8_20_04 3, 11, 15, 7, 4, 12, 16, 8
1_11_20 5
4_9_18 12, 4, 8, 16
7_28_12 9, 1, 5, 13, 14, 6, 10
6_8_10 7, 15, 3, 11, 4, 12
1_22_00 14
8_13_14 11, 3, 7, 15, 8, 16, 4, 12
2_3_10 6, 14
4_7_08 6, 14, 2, 10
5_16_02 5, 13, 1, 9, 6
6_10_06 6, 14, 2, 10, 3, 11
8_10_12 9, 1, 5, 13, 10, 2, 6, 14
1_29_08 8
7_20_02 2, 10, 14, 6, 7, 15, 3
6_5_00 2, 10, 14, 6, 3, 11
3_4_12 3, 11, 7
8_5_22 13, 5, 9, 1, 14, 6, 10, 2
7_10_10 8, 16, 4, 12, 5, 13, 1
7_29_12 10, 2, 6, 14, 7, 15, 3
2_5_06 5, 13
8_26_08 7, 15, 3, 11, 8, 16, 4, 12
5_12_10 8, 16, 4, 12, 13
2_6_08 2, 10
1_26_02 16
7_28_02 4, 12, 16, 8, 9, 1, 5
4_24_10 7, 15, 3, 11
3_31_06 7, 15, 11
4_20_10 6, 14, 2, 10
8_4_08 5, 13, 1, 9, 6, 14, 2, 10
6_11_04 5, 13, 1, 9, 6, 14
5_25_20 13, 5, 9, 1, 14
8_3_02 2, 10, 14, 6, 3, 11, 15, 7
2_10_14 6, 14
8_27_16 11, 3, 7, 15, 12, 4, 8, 16
7_2_12 7, 15, 3, 11, 4, 12, 16
4_16_12 10, 2, 6, 14
2_26_16 7, 15
2_18_14 4, 12
2_7_00 2, 10
5_18_18 10, 2, 6, 14, 7
2_23_16 10, 2
4_26_18 12, 4, 8, 16
4_20_20 11, 3, 7, 15
4_24_20 12, 4, 8, 16
6_19_08 5, 13, 1, 9, 6, 14
3_28_08 3, 11, 7
5_22_10 7, 15, 3, 11, 4
1_12_18 16
2_15_08 8, 16
8_6_12 8, 16, 4, 12, 9, 1, 5, 13
3_1_16 9, 1, 5
2_17_06 4, 12
3_17_10 6, 14, 2
6_17_02 2, 10, 14, 6, 3, 11
6_12_06 6, 14, 2, 10, 3, 11
4_28_00 3, 11, 15, 7
4_20_18 10, 2, 6, 14
1_25_18 12
2_28_04 1, 9
5_5_20 12, 4, 8, 16, 13
5_20_04 3, 11, 15, 7, 8
4_18_18 10, 2, 6, 14
1_9_16 11
6_19_16 9, 1, 5, 13, 10, 2
4_31_06 7, 15, 3, 11
1_19_08 13
8_6_00 2, 10, 14, 6, 3, 11, 15, 7
2_18_18 6, 14
5_29_18 13, 5, 9, 1, 10
1_23_16 2
4_13_14 11, 3, 7, 15
2_4_12 3, 11
1_17_02 2
6_10_16 11, 3, 7, 15, 8, 16
7_20_20 11, 3, 7, 15, 16, 8, 12
8_16_02 5, 13, 1, 9, 2, 10, 14, 6
2_31_22 15, 7
6_3_00 1, 9, 13, 5, 2, 10
1_12_16 15
5_9_08 7, 15, 3, 11, 8
8_2_06 4, 12, 16, 8, 5, 13, 1, 9
7_30_12 10, 2, 6, 14, 3, 11, 15
2_18_12 3, 11
2_21_06 5, 13
5_11_12 9, 1, 5, 13, 2
6_2_16 9, 1, 5, 13, 6, 14
8_28_22 14, 6, 10, 2, 15, 7, 11, 3
1_21_00 2
4_24_08 6, 14, 2, 10
2_12_08 3, 11
2_11_22 14, 6
3_4_04 15, 7, 3
5_13_00 4, 12, 16, 8, 1
7_5_10 7, 15, 3, 11, 8, 16, 4
6_16_00 4, 12, 16, 8, 13, 5
2_8_12 4, 12
5_26_20 13, 5, 9, 1, 10
7_9_18 12, 4, 8, 16, 13, 5, 9
7_26_08 7, 15, 3, 11, 4, 12, 16
4_15_16 12, 4, 8, 16
3_10_02 16, 8, 12
5_31_16 12, 4, 8, 16, 1
6_28_22 14, 6, 10, 2, 11, 3
8_9_02 4, 12, 16, 8, 5, 13, 1, 9
8_20_22 12, 4, 8, 16, 13, 5, 9, 1
8_8_20 12, 4, 8, 16, 13, 5, 9, 1
1_15_20 6
2_29_18 13, 5
7_20_14 8, 16, 4, 12, 13, 5, 9
7_4_02 2, 10, 14, 6, 7, 15, 3
5_8_20 12, 4, 8, 16, 1
8_26_12 9, 1, 5, 13, 10, 2, 6, 14
4_1_00 1, 9, 13, 5
1_19_20 3
4_7_18 11, 3, 7, 15
8_3_20 11, 3, 7, 15, 12, 4, 8, 16
2_9_08 7, 15
5_23_02 3, 11, 15, 7, 12
8_22_06 5, 13, 1, 9, 6, 14, 2, 10
2_25_00 3, 11
1_2_04 15
2_8_00 14, 6
8_4_02 2, 10, 14, 6, 3, 11, 15, 7
1_22_14 5
2_20_22 8, 16
6_14_20 14, 6, 10, 2, 7, 15
2_24_10 3, 11
5_6_20 12, 4, 8, 16, 9
2_17_14 8, 16
6_21_18 11, 3, 7, 15, 12, 4
2_12_00 15, 7
5_13_08 8, 16, 4, 12, 5
6_12_02 4, 12, 16, 8, 1, 9
1_23_14 1
8_19_02 2, 10, 14, 6, 3, 11, 15, 7
8_2_18 10, 2, 6, 14, 11, 3, 7, 15
7_14_06 7, 15, 3, 11, 16, 8, 12
4_6_14 9, 1, 5, 13
5_17_00 1, 9, 13, 5, 2
1_19_06 12
2_1_22 12, 4
3_15_02 5, 13, 9
8_26_18 12, 4, 8, 16, 13, 5, 9, 1
8_5_06 5, 13, 1, 9, 6, 14, 2, 10
2_14_06 3, 11
4_18_16 9, 1, 5, 13
7_8_06 5, 13, 1, 9, 10, 2, 6
5_14_08 8, 16, 4, 12, 1
2_14_16 8, 16
1_6_08 2
3_24_02 15, 7, 3
2_10_10 4, 12
5_29_12 10, 2, 6, 14, 7
4_20_00 1, 9, 13, 5
6_13_16 12, 4, 8, 16, 9, 1
5_15_16 12, 4, 8, 16, 1
5_4_16 9, 1, 5, 13, 14
4_17_14 8, 16, 4, 12
4_26_12 9, 1, 5, 13
6_5_20 12, 4, 8, 16, 13, 5
6_16_06 7, 15, 3, 11, 16, 8
2_16_08 4, 12
8_5_18 11, 3, 7, 15, 12, 4, 8, 16
5_25_16 11, 3, 7, 15, 12
4_27_16 11, 3, 7, 15
8_23_04 4, 12, 16, 8, 5, 13, 1, 9
5_14_16 12, 4, 8, 16, 5
8_7_18 11, 3, 7, 15, 12, 4, 8, 16
2_9_18 12, 4
6_29_02 5, 13, 1, 9, 2, 10
2_23_02 3, 11
5_5_00 2, 10, 14, 6, 3
6_7_18 11, 3, 7, 15, 12, 4
8_3_18 10, 2, 6, 14, 11, 3, 7, 15
3_14_02 1, 9, 13
5_8_06 5, 13, 1, 9, 10
6_20_00 1, 9, 13, 5, 14, 6
3_29_12 10, 2, 6
3_21_20 12, 4, 8
3_10_04 1, 9, 13
7_27_16 11, 3, 7, 15, 4, 12, 16
5_26_16 11, 3, 7, 15, 8
7_4_08 5, 13, 1, 9, 10, 2, 6
1_6_18 7
8_11_04 5, 13, 1, 9, 6, 14, 2, 10
3_20_18 6, 14, 10
1_28_12 13
3_2_08 1, 9, 13
4_22_12 8, 16, 4, 12
6_24_22 13, 5, 9, 1, 10, 2
4_27_14 10, 2, 6, 14
3_24_20 8, 16, 12
7_23_20 12, 4, 8, 16, 5, 13, 1
2_15_12 10, 2
2_22_20 8, 16
5_25_08 7, 15, 3, 11, 8
5_5_12 8, 16, 4, 12, 9
6_31_00 4, 12, 16, 8, 1, 9
2_13_04 6, 14
4_5_22 13, 5, 9, 1
3_6_02 15, 7, 11
4_6_04 4, 12, 16, 8
2_31_16 12, 4
2_27_20 13, 5
4_2_10 6, 14, 2, 10
6_15_12 10, 2, 6, 14, 7, 15
2_4_20 7, 15
8_11_08 7, 15, 3, 11, 8, 16, 4, 12
3_30_00 16, 8, 12
5_11_16 11, 3, 7, 15, 4
6_23_08 6, 14, 2, 10, 7, 15
4_25_08 7, 15, 3, 11
3_30_04 2, 10, 14
3_8_06 1, 9, 5
7_25_06 6, 14, 2, 10, 7, 15, 3
3_23_18 11, 3, 15
6_4_04 3, 11, 15, 7, 16, 8
2_6_20 8, 16
7_5_20 12, 4, 8, 16, 13, 5, 9
1_13_04 6
5_7_12 8, 16, 4, 12, 1
8_29_18 13, 5, 9, 1, 10, 2, 6, 14
1_7_16 2
5_29_14 11, 3, 7, 15, 8
4_13_04 6, 14, 2, 10
5_30_20 14, 6, 10, 2, 7
7_12_14 10, 2, 6, 14, 15, 7, 11
3_17_06 4, 12, 16
4_4_18 10, 2, 6, 14
4_17_18 10, 2, 6, 14
8_1_20 11, 3, 7, 15, 12, 4, 8, 16
8_4_22 12, 4, 8, 16, 13, 5, 9, 1
5_27_02 4, 12, 16, 8, 13
3_9_22 14, 6, 10
6_18_08 5, 13, 1, 9, 2, 10
2_5_14 9, 1
2_16_18 9, 1
5_9_20 13, 5, 9, 1, 14
2_5_02 3, 11
8_15_22 15, 7, 11, 3, 12, 4, 8, 16
2_24_14 5, 13
6_4_20 11, 3, 7, 15, 8, 16
6_30_06 7, 15, 3, 11, 16, 8
2_18_16 5, 13
3_18_00 13, 5, 9
4_25_16 11, 3, 7, 15
7_14_00 4, 12, 16, 8, 13, 5, 9
7_29_04 6, 14, 2, 10, 3, 11, 15
5_31_10 9, 1, 5, 13, 14
6_6_00 2, 10, 14, 6, 15, 7
8_28_12 9, 1, 5, 13, 10, 2, 6, 14
8_5_14 9, 1, 5, 13, 10, 2, 6, 14
8_15_06 7, 15, 3, 11, 4, 12, 16, 8
4_7_00 2, 10, 14, 6
4_29_02 5, 13, 1, 9
3_28_16 7, 15, 11
2_26_14 6, 14
1_29_22 15
2_13_20 14, 6
8_11_12 9, 1, 5, 13, 10, 2, 6, 14
4_2_16 9, 1, 5, 13
2_31_18 13, 5
4_19_22 12, 4, 8, 16
6_19_12 7, 15, 3, 11, 8, 16
2_22_10 3, 11
1_10_14 6
3_30_16 8, 16, 4
3_5_06 5, 13, 1
3_9_08 7, 15, 3
8_10_16 11, 3, 7, 15, 12, 4, 8, 16
1_10_18 8
7_13_04 6, 14, 2, 10, 3, 11, 15
8_2_20 11, 3, 7, 15, 12, 4, 8, 16
4_13_20 14, 6, 10, 2
7_26_14 10, 2, 6, 14, 7, 15, 3
2_22_08 2, 10
1_21_04 4
7_11_00 3, 11, 15, 7, 12, 4, 8
2_30_22 11, 3
6_3_22 12, 4, 8, 16, 13, 5
2_17_04 3, 11
7_18_10 6, 14, 2, 10, 3, 11, 15
8_24_00 2, 10, 14, 6, 3, 11, 15, 7
2_2_18 6, 14
8_27_00 3, 11, 15, 7, 4, 12, 16, 8
5_22_16 10, 2, 6, 14, 7
7_2_04 3, 11, 15, 7, 16, 8, 12
7_17_08 5, 13, 1, 9, 6, 14, 2
2_29_00 4,12
8_18_04 3, 11, 15, 7, 4, 12, 16, 8
8_7_14 9, 1, 5, 13, 10, 2, 6, 14
3_2_06 16, 8, 12
8_1_16 9, 1, 5, 13, 10, 2, 6, 14
2_10_00 15, 7
7_31_14 11, 3, 7, 15, 16, 8, 12
7_5_12 8, 16, 4, 12, 9, 1, 5
5_24_14 9, 1, 5, 13, 14
5_13_18 13, 5, 9, 1, 10
4_11_00 3, 11, 15, 7
8_17_06 4, 12, 16, 8, 5, 13, 1, 9
4_28_12 9, 1, 5, 13
8_4_06 4, 12, 16, 8, 5, 13, 1, 9
4_8_18 11, 3, 7, 15
4_17_08 5, 13, 1, 9
1_6_02 15
8_3_22 12, 4, 8, 16, 13, 5, 9, 1
7_18_16 9, 1, 5, 13, 6, 14, 2
6_8_12 8, 16, 4, 12, 5, 13
3_14_22 11, 3, 7
4_24_12 8, 16, 4, 12
8_20_18 10, 2, 6, 14, 11, 3, 7, 15
8_20_10 6, 14, 2, 10, 7, 15, 3, 11
4_27_00 3, 11, 15, 7
2_27_06 6, 14
3_17_18 10, 2, 6
2_7_18 11, 3
5_24_04 4, 12, 16, 8, 9
1_21_14 9
2_30_12 6, 14
8_12_06 6, 14, 2, 10, 7, 15, 3, 11
1_16_20 2
6_29_12 10, 2, 6, 14, 7, 15
5_13_20 14, 6, 10, 2, 11
3_24_22 9, 1, 13
6_19_10 6, 14, 2, 10, 7, 15
7_20_10 6, 14, 2, 10, 11, 3, 7
8_4_10 6, 14, 2, 10, 7, 15, 3, 11
5_27_04 5, 13, 1, 9, 14
3_10_08 3, 11, 15
8_21_02 3, 11, 15, 7, 4, 12, 16, 8
8_31_10 9, 1, 5, 13, 6, 14, 2, 10
6_26_10 8, 16, 4, 12, 5, 13
1_13_18 13
4_8_16 10, 2, 6, 14
7_11_04 5, 13, 1, 9, 14, 6, 10
7_4_04 3, 11, 15, 7, 8, 16, 4
6_29_16 12, 4, 8, 16, 9, 1
3_20_06 16, 8, 4
1_14_22 11
6_15_06 7, 15, 3, 11, 4, 12
2_22_00 14, 6
1_31_18 5
4_16_08 8, 16, 4, 12
4_8_20 12, 4, 8, 16
1_1_22 12
1_10_00 15
2_10_08 3, 11
7_1_16 9, 1, 5, 13, 10, 2, 6
7_12_16 11, 3, 7, 15, 16, 8, 12
4_5_18 11, 3, 7, 15
4_9_02 4, 12, 16, 8
8_25_16 11, 3, 7, 15, 12, 4, 8, 16
1_23_04 12
2_8_20 8, 16
4_24_00 2, 10, 14, 6
5_20_06 4, 12, 16, 8, 9
8_2_08 5, 13, 1, 9, 6, 14, 2, 10
1_11_22 6
1_8_18 15
2_12_22 10, 2
5_19_06 4, 12, 16, 8, 13
7_23_18 11, 3, 7, 15, 4, 12, 16
4_15_22 15, 7, 11, 3
4_27_02 4, 12, 16, 8
2_9_04 5, 13
1_27_18 4
6_31_02 5, 13, 1, 9, 2, 10
8_8_22 13, 5, 9, 1, 14, 6, 10, 2
2_6_18 7, 15
7_29_02 5, 13, 1, 9, 2, 10, 14
1_4_08 9
3_1_14 8, 16, 4
2_29_04 6, 14
4_16_22 15, 7, 11, 3
5_25_22 14, 6, 10, 2, 15
3_24_18 7, 15, 11
7_11_12 9, 1, 5, 13, 2, 10, 14
2_23_08 6, 14
8_16_08 8, 16, 4, 12, 5, 13, 1, 9
5_13_06 7, 15, 3, 11, 4
4_31_02 5, 13, 1, 9
2_5_20 12, 4
6_17_20 11, 3, 7, 15, 12, 4
1_29_16 12
4_11_08 7, 15, 3, 11
2_30_00 16, 8
6_24_10 7, 15, 3, 11, 4, 12
5_31_20 14, 6, 10, 2, 3
5_4_22 12, 4, 8, 16, 1
3_30_20 10, 2, 6
8_6_14 9, 1, 5, 13, 10, 2, 6, 14
5_21_22 13, 5, 9, 1, 14
8_13_02 5, 13, 1, 9, 2, 10, 14, 6
3_13_08 8, 16, 4
3_24_04 16, 8, 4
5_3_02 2, 10, 14, 6, 11
8_28_02 4, 12, 16, 8, 5, 13, 1, 9
6_1_14 8, 16, 4, 12, 9, 1
5_7_16 10, 2, 6, 14, 3
1_28_18 16
1_16_14 15
3_11_16 11, 3, 15
7_26_10 8, 16, 4, 12, 5, 13, 1
7_22_02 3, 11, 15, 7, 16, 8, 12
3_3_10 6, 14, 10
4_21_22 13, 5, 9, 1
8_5_12 8, 16, 4, 12, 9, 1, 5, 13
6_8_14 9, 1, 5, 13, 6, 14
5_31_00 4, 12, 16, 8, 9
8_3_14 8, 16, 4, 12, 9, 1, 5, 13
7_27_20 13, 5, 9, 1, 6, 14, 2
8_12_10 8, 16, 4, 12, 9, 1, 5, 13
1_20_14 12
4_16_14 11, 3, 7, 15
7_19_10 6, 14, 2, 10, 15, 7, 11
5_25_00 3, 11, 15, 7, 4
6_4_00 1, 9, 13, 5, 14, 6
5_26_04 5, 13, 1, 9, 2
6_27_10 8, 16, 4, 12, 9, 1
7_10_06 6, 14, 2, 10, 3, 11, 15
6_28_10 8, 16, 4, 12, 5, 13
2_29_22 15, 7
2_18_08 1, 9
2_15_02 5, 13
5_10_08 7, 15, 3, 11, 4
7_20_12 7, 15, 3, 11, 12, 4, 8
6_17_06 4, 12, 16, 8, 5, 13
3_29_02 5, 13, 1
5_2_22 12, 4, 8, 16, 9
6_26_08 7, 15, 3, 11, 4, 12
6_12_20 13, 5, 9, 1, 10, 2
4_5_20 12, 4, 8, 16
5_8_12 8, 16, 4, 12, 13
3_19_08 5, 13, 9
4_12_12 9, 1, 5, 13
1_22_08 2
5_17_06 4, 12, 16, 8, 5
3_4_06 16, 8, 4
2_16_10 5, 13
8_21_06 5, 13, 1, 9, 6, 14, 2, 10
5_10_06 6, 14, 2, 10, 3
7_7_16 10, 2, 6, 14, 3, 11, 15
7_11_16 11, 3, 7, 15, 4, 12, 16
2_28_02 16, 8
3_9_20 13, 5, 9
1_24_08 10
8_6_08 6, 14, 2, 10, 7, 15, 3, 11
1_23_18 3
6_1_18 10, 2, 6, 14, 11, 3
5_11_06 6, 14, 2, 10, 15
2_29_06 7, 15
3_31_10 9, 1, 13
3_2_20 7, 15, 3
8_29_06 7, 15, 3, 11, 4, 12, 16, 8
5_20_02 2, 10, 14, 6, 7
6_30_16 12, 4, 8, 16, 5, 13
7_30_00 4, 12, 16, 8, 13, 5, 9
6_3_12 7, 15, 3, 11, 8, 16
3_11_18 12, 4, 16
6_30_00 4, 12, 16, 8, 13, 5
3_23_14 9, 1, 13
1_21_08 6
4_5_12 8, 16, 4, 12
2_16_04 2, 10
4_29_06 7, 15, 3, 11
2_12_06 2, 10
6_11_06 6, 14, 2, 10, 7, 15
3_24_06 1, 9, 5
7_11_08 7, 15, 3, 11, 16, 8, 12
2_19_02 2, 10
8_25_02 4, 12, 16, 8, 5, 13, 1, 9
4_23_10 7, 15, 3, 11
8_11_18 12, 4, 8, 16, 13, 5, 9, 1
8_24_14 9, 1, 5, 13, 10, 2, 6, 14
8_25_22 14, 6, 10, 2, 15, 7, 11, 3
7_26_00 3, 11, 15, 7, 16, 8, 12
7_3_02 2, 10, 14, 6, 11, 3, 7
4_18_04 3, 11, 15, 7
7_16_06 7, 15, 3, 11, 8, 16, 4
8_3_10 6, 14, 2, 10, 7, 15, 3, 11
3_30_10 5, 13, 1
2_1_00 1, 9
3_20_02 14, 6, 2
3_5_02 3, 11, 15
4_16_10 9, 1, 5, 13
1_2_10 2
2_4_04 15, 7
7_28_04 5, 13, 1, 9, 10, 2, 6
6_24_14 9, 1, 5, 13, 6, 14
5_15_20 14, 6, 10, 2, 3
7_29_16 12, 4, 8, 16, 9, 1, 5
5_4_10 6, 14, 2, 10, 11
2_16_00 16, 8
8_9_04 5, 13, 1, 9, 6, 14, 2, 10
7_16_22 15, 7, 11, 3, 16, 8, 12
1_18_06 16
2_17_10 6, 14
8_2_10 6, 14, 2, 10, 7, 15, 3, 11
8_17_14 8, 16, 4, 12, 9, 1, 5, 13
1_29_18 13
4_22_16 10, 2, 6, 14
7_19_18 10, 2, 6, 14, 3, 11, 15
1_9_04 5
2_20_10 2, 10
1_24_02 7
2_25_12 9, 1
1_20_22 16
6_2_14 8, 16, 4, 12, 5, 13
8_8_16 10, 2, 6, 14, 11, 3, 7, 15
2_19_12 7, 15
1_8_00 6
4_9_06 6, 14, 2, 10
4_19_10 6, 14, 2, 10
4_8_10 7, 15, 3, 11
1_9_18 12
8_25_06 6, 14, 2, 10, 7, 15, 3, 11
4_12_10 8, 16, 4, 12
4_25_18 12, 4, 8, 16
2_27_22 14, 6
7_29_18 13, 5, 9, 1, 10, 2, 6
3_26_10 4, 12, 16
1_17_04 3
8_7_10 7, 15, 3, 11, 8, 16, 4, 12
8_9_14 10, 2, 6, 14, 11, 3, 7, 15
3_6_22 9, 1, 5
8_24_02 3, 11, 15, 7, 4, 12, 16, 8
8_24_10 7, 15, 3, 11, 8, 16, 4, 12
6_13_04 6, 14, 2, 10, 3, 11
6_13_14 11, 3, 7, 15, 8, 16
8_16_06 7, 15, 3, 11, 4, 12, 16, 8
3_24_08 2, 10, 6
1_11_00 11
1_15_00 12
3_29_18 13, 5, 9
7_14_08 8, 16, 4, 12, 1, 9, 13
6_20_12 7, 15, 3, 11, 4, 12
7_13_12 10, 2, 6, 14, 7, 15, 3
4_20_16 9, 1, 5, 13
3_16_04 2, 10, 6
4_8_12 8, 16, 4, 12
1_22_22 9
6_25_08 7, 15, 3, 11, 8, 16
8_11_10 8, 16, 4, 12, 9, 1, 5, 13
5_6_00 2, 10, 14, 6, 15
5_31_12 10, 2, 6, 14, 15
2_8_02 15, 7
6_14_14 11, 3, 7, 15, 4, 12
4_3_00 1, 9, 13, 5
3_16_00 16, 8, 4
1_3_00 9
4_10_04 5, 13, 1, 9
1_22_02 15
6_26_04 5, 13, 1, 9, 2, 10
7_29_08 8, 16, 4, 12, 5, 13, 1
4_13_10 9, 1, 5, 13
8_31_16 12, 4, 8, 16, 9, 1, 5, 13
3_15_04 6, 14, 10
8_18_18 10, 2, 6, 14, 11, 3, 7, 15
3_6_10 3, 11, 15
3_5_08 6, 14, 2
1_25_04 5
1_30_00 16
5_11_02 4, 12, 16, 8, 13
8_8_18 11, 3, 7, 15, 12, 4, 8, 16
3_6_08 2, 10, 14
7_29_14 11, 3, 7, 15, 8, 16, 4
4_17_04 3, 11, 15, 7
6_14_18 13, 5, 9, 1, 6, 14
3_8_16 6, 14, 10
5_15_10 9, 1, 5, 13, 14
3_9_12 9, 1, 5
2_10_16 7, 15
4_1_06 4, 12, 16, 8
2_30_20 10, 2
5_5_08 6, 14, 2, 10, 7
5_28_12 9, 1, 5, 13, 14
7_27_08 7, 15, 3, 11, 16, 8, 12
8_2_22 12, 4, 8, 16, 13, 5, 9, 1
4_19_12 7, 15, 3, 11
7_11_06 6, 14, 2, 10, 15, 7, 11
3_11_22 14, 6, 2
5_8_18 11, 3, 7, 15, 16
3_13_14 11, 3, 7
6_26_06 6, 14, 2, 10, 3, 11
1_30_20 10
4_23_04 4, 12, 16, 8
4_19_00 1, 9, 13, 5
3_20_14 4, 12, 8
4_21_06 5, 13, 1, 9
5_18_06 4, 12, 16, 8, 1
6_26_18 12, 4, 8, 16, 9, 1
5_10_02 4, 12, 16, 8, 1
2_31_02 5, 13
2_16_20 10, 2
5_22_22 13, 5, 9, 1, 10
5_29_02 5, 13, 1, 9, 2
8_31_00 4, 12, 16, 8, 1, 9, 13, 5
2_15_14 11, 3
8_17_12 7, 15, 3, 11, 8, 16, 4, 12
8_18_06 4, 12, 16, 8, 5, 13, 1, 9
4_3_14 8, 16, 4, 12
1_20_08 9
7_4_18 10, 2, 6, 14, 15, 7, 11
2_1_08 5, 13
5_30_06 7, 15, 3, 11, 16
6_14_16 12, 4, 8, 16, 5, 13
5_20_20 11, 3, 7, 15, 16
2_22_06 1, 9
5_21_12 8, 16, 4, 12, 9
4_21_04 4, 12, 16, 8
3_15_14 11, 3, 15
1_27_02 12
3_14_04 2, 10, 14
3_30_14 7, 15, 3
1_23_00 10
3_8_14 5, 13, 9
7_27_18 12, 4, 8, 16, 5, 13, 1
6_19_18 10, 2, 6, 14, 11, 3
1_7_14 1
7_30_20 14, 6, 10, 2, 7, 15, 3
2_14_12 6, 14
3_23_08 6, 14, 10
7_29_00 4, 12, 16, 8, 1, 9, 13
8_7_16 10, 2, 6, 14, 11, 3, 7, 15
6_31_16 12, 4, 8, 16, 9, 1
8_22_10 7, 15, 3, 11, 8, 16, 4, 12
6_21_20 12, 4, 8, 16, 13, 5
5_16_10 9, 1, 5, 13, 10
2_28_16 7, 15
4_29_18 13, 5, 9, 1
5_19_12 7, 15, 3, 11, 16
1_7_00 10
5_24_12 8, 16, 4, 12, 13
3_17_00 1, 9, 13
2_26_04 1, 9
6_19_04 3, 11, 15, 7, 4, 12
8_1_10 6, 14, 2, 10, 7, 15, 3, 11
3_4_20 7, 15, 11
5_19_00 1, 9, 13, 5, 10
2_6_12 4, 12
1_2_22 8
2_23_22 13, 5
8_10_04 5, 13, 1, 9, 6, 14, 2, 10
4_11_04 5, 13, 1, 9
4_17_22 12, 4, 8, 16
3_7_18 11, 3, 15
6_28_06 6, 14, 2, 10, 3, 11
5_2_18 10, 2, 6, 14, 7
6_22_14 9, 1, 5, 13, 6, 14
6_9_02 4, 12, 16, 8, 5, 13
5_24_16 10, 2, 6, 14, 15
2_22_22 9, 1
6_25_20 13, 5, 9, 1, 14, 6
7_30_04 6, 14, 2, 10, 15, 7, 11
7_29_22 15, 7, 11, 3, 12, 4, 8
5_2_14 8, 16, 4, 12, 5
5_19_02 2, 10, 14, 6, 11
7_25_02 4, 12, 16, 8, 5, 13, 1
6_28_12 9, 1, 5, 13, 6, 14
2_29_12 10, 2
1_7_18 3
1_4_16 13
7_22_14 9, 1, 5, 13, 6, 14, 2
3_4_10 2, 10, 6
1_30_12 6
8_21_04 4, 12, 16, 8, 5, 13, 1, 9
2_20_20 7, 15
5_26_12 9, 1, 5, 13, 6
2_30_16 8, 16
8_10_00 3, 11, 15, 7, 4, 12, 16, 8
2_13_22 15, 7
2_18_20 7, 15
3_2_12 3, 11, 15
1_1_08 5
1_14_18 9
4_10_12 9, 1, 5, 13
2_11_10 8, 16
1_16_12 14
6_12_14 10, 2, 6, 14, 7, 15
8_2_04 3, 11, 15, 7, 4, 12, 16, 8
2_15_16 12, 4
3_22_10 3, 11, 15
4_10_02 4, 12, 16, 8
1_20_20 15
8_8_10 7, 15, 3, 11, 8, 16, 4, 12
6_20_20 11, 3, 7, 15, 8, 16
1_14_20 10
7_1_12 7, 15, 3, 11, 8, 16, 4
2_1_10 6, 14
2_6_00 14, 6
1_28_22 2
3_25_04 5, 13, 1
1_25_02 4
1_30_16 8
5_28_14 10, 2, 6, 14, 15
8_14_14 11, 3, 7, 15, 8, 16, 4, 12
8_13_00 4, 12, 16, 8, 1, 9, 13, 5
1_8_22 1
1_1_18 10
4_12_08 7, 15, 3, 11
6_15_04 6, 14, 2, 10, 3, 11
3_4_02 14, 6, 2
1_5_08 6
8_10_02 4, 12, 16, 8, 5, 13, 1, 9
3_19_02 2, 10, 6
6_18_02 2, 10, 14, 6, 15, 7
5_2_06 4, 12, 16, 8, 1
6_24_18 11, 3, 7, 15, 8, 16
1_23_20 4
1_22_12 4
3_10_00 15, 7, 11
8_13_04 6, 14, 2, 10, 3, 11, 15, 7
1_3_06 12
5_7_18 11, 3, 7, 15, 4
3_4_08 1, 9, 5
6_17_22 12, 4, 8, 16, 13, 5
6_18_04 3, 11, 15, 7, 16, 8
3_16_02 1, 9, 5
2_20_06 16, 8
4_30_02 5, 13, 1, 9
5_17_04 3, 11, 15, 7, 4
3_7_20 12, 4, 16
7_27_06 6, 14, 2, 10, 15, 7, 11
5_2_04 3, 11, 15, 7, 16
3_9_04 5, 13, 1
8_14_20 14, 6, 10, 2, 11, 3, 7, 15
1_26_06 2
3_28_12 5, 13, 9
5_28_16 11, 3, 7, 15, 16
6_5_06 5, 13, 1, 9, 6, 14
3_29_06 7, 15, 3
8_22_22 13, 5, 9, 1, 14, 6, 10, 2
5_27_00 3, 11, 15, 7, 12
3_21_18 11, 3, 7
7_9_22 14, 6, 10, 2, 15, 7, 11
1_15_22 7
3_21_12 8, 16, 4
7_1_14 8, 16, 4, 12, 9, 1, 5
1_5_00 2
8_1_06 4, 12, 16, 8, 5, 13, 1, 9
4_27_18 12, 4, 8, 16
1_27_08 15
3_10_18 8, 16, 4
6_5_18 11, 3, 7, 15, 12, 4
6_22_10 7, 15, 3, 11, 4, 12
1_30_14 7
6_12_10 8, 16, 4, 12, 5, 13
6_7_22 13, 5, 9, 1, 14, 6
4_12_06 6, 14, 2, 10
1_27_16 3
2_1_02 2, 10
1_10_06 2
7_9_20 13, 5, 9, 1, 14, 6, 10
3_23_16 10, 2, 14
8_26_00 3, 11, 15, 7, 4, 12, 16, 8
1_5_20 12
4_18_20 11, 3, 7, 15
1_17_14 8
2_30_06 3, 11
5_30_04 6, 14, 2, 10, 15
4_7_10 7, 15, 3, 11
5_18_16 9, 1, 5, 13, 6
4_4_00 1, 9, 13, 5
7_10_08 7, 15, 3, 11, 4, 12, 16
7_14_14 11, 3, 7, 15, 4, 12, 16
6_21_08 6, 14, 2, 10, 7, 15
4_12_04 5, 13, 1, 9
1_17_22 12
5_26_22 14, 6, 10, 2, 11
7_10_16 11, 3, 7, 15, 8, 16, 4
7_3_16 9, 1, 5, 13, 2, 10, 14
1_3_08 13
3_4_22 8, 16, 12
5_28_20 13, 5, 9, 1, 2
6_16_22 15, 7, 11, 3, 8, 16
7_8_10 7, 15, 3, 11, 12, 4, 8
6_3_04 3, 11, 15, 7, 4, 12
8_19_00 1, 9, 13, 5, 2, 10, 14, 6
7_6_22 13, 5, 9, 1, 10, 2, 6
4_26_02 4, 12, 16, 8
7_13_18 13, 5, 9, 1, 10, 2, 6
4_3_12 7, 15, 3, 11
2_30_08 4, 12
4_13_16 12, 4, 8, 16
7_22_04 4, 12, 16, 8, 1, 9, 13
8_23_08 6, 14, 2, 10, 7, 15, 3, 11
7_30_08 8, 16, 4, 12, 1, 9, 13
1_11_16 3
4_12_00 3, 11, 15, 7
5_28_06 6, 14, 2, 10, 11
4_23_18 11, 3, 7, 15
5_3_14 8, 16, 4, 12, 1
6_3_16 9, 1, 5, 13, 10, 2
1_9_14 10
