2_29_02 5, 13
8_24_00 2, 10, 14, 6, 3, 11, 15, 7
3_27_06 6, 14, 10
1_5_14 9
1_17_18 10
3_19_00 1, 9, 5
3_5_00 2, 10, 14
1_4_16 13
4_17_20 11, 3, 7, 15
4_11_22 14, 6, 10, 2
3_6_16 6, 14, 2
2_24_10 3, 11
2_25_18 12, 4
4_15_06 7, 15, 3, 11
5_27_18 12, 4, 8, 16, 5
4_29_22 15, 7, 11, 3
6_10_00 3, 11, 15, 7, 16, 8
4_20_12 7, 15, 3, 11
2_18_20 7, 15
8_15_10 9, 1, 5, 13, 6, 14, 2, 10
5_16_04 6, 14, 2, 10, 7
1_20_10 10
1_8_08 10
3_8_02 15, 7, 3
3_21_04 4, 12, 16
4_6_10 7, 15, 3, 11
1_30_14 7
1_7_16 2
8_3_12 7, 15, 3, 11, 8, 16, 4, 12
1_12_20 1
6_29_06 7, 15, 3, 11, 4, 12
8_18_16 9, 1, 5, 13, 10, 2, 6, 14
1_31_12 2
2_16_04 2, 10
7_10_06 6, 14, 2, 10, 3, 11, 15
7_29_18 13, 5, 9, 1, 10, 2, 6
8_15_20 14, 6, 10, 2, 11, 3, 7, 15
6_12_18 12, 4, 8, 16, 9, 1
4_31_06 7, 15, 3, 11
6_19_20 11, 3, 7, 15, 12, 4
7_16_16 12, 4, 8, 16, 13, 5, 9
1_8_06 9
8_16_16 12, 4, 8, 16, 9, 1, 5, 13
5_16_22 15, 7, 11, 3, 16
6_13_18 13, 5, 9, 1, 10, 2
7_8_00 2, 10, 14, 6, 7, 15, 3
5_5_00 2, 10, 14, 6, 3
4_21_22 13, 5, 9, 1
7_2_22 12, 4, 8, 16, 9, 1, 5
2_13_20 14, 6
2_26_08 3, 11
3_22_16 6, 14, 2
7_9_10 8, 16, 4, 12, 9, 1, 5
3_21_12 8, 16, 4
7_3_08 5, 13, 1, 9, 14, 6, 10
5_21_06 5, 13, 1, 9, 6
6_3_22 12, 4, 8, 16, 13, 5
5_3_16 9, 1, 5, 13, 2
7_16_08 8, 16, 4, 12, 9, 1, 5
8_17_04 3, 11, 15, 7, 4, 12, 16, 8
2_2_14 4, 12
3_4_20 7, 15, 11
1_12_04 9
5_27_06 6, 14, 2, 10, 15
5_8_22 13, 5, 9, 1, 2
2_13_22 15, 7
6_12_02 4, 12, 16, 8, 1, 9
1_2_02 14
5_5_08 6, 14, 2, 10, 7
5_16_08 8, 16, 4, 12, 9
6_30_22 15, 7, 11, 3, 8, 16
5_14_20 14, 6, 10, 2, 7
8_16_22 15, 7, 11, 3, 12, 4, 8, 16
6_26_22 14, 6, 10, 2, 11, 3
7_20_14 8, 16, 4, 12, 13, 5, 9
3_5_02 3, 11, 15
6_7_00 2, 10, 14, 6, 3, 11
1_20_20 15
5_27_04 5, 13, 1, 9, 14
1_29_04 6
1_11_00 11
2_10_14 6, 14
6_4_22 12, 4, 8, 16, 9, 1
6_8_02 3, 11, 15, 7, 16, 8
7_6_08 6, 14, 2, 10, 3, 11, 15
1_10_06 2
7_15_14 11, 3, 7, 15, 16, 8, 12
8_24_20 12, 4, 8, 16, 13, 5, 9, 1
6_31_12 10, 2, 6, 14, 7, 15
4_10_08 7, 15, 3, 11
6_8_04 4, 12, 16, 8, 1, 9
4_16_02 5, 13, 1, 9
4_18_08 5, 13, 1, 9
4_28_02 4, 12, 16, 8
2_28_16 7, 15
7_1_20 11, 3, 7, 15, 12, 4, 8
8_21_14 9, 1, 5, 13, 10, 2, 6, 14
4_18_06 4, 12, 16, 8
2_24_06 1, 9
4_13_06 7, 15, 3, 11
3_20_04 15, 7, 3
3_1_14 8, 16, 4
1_3_20 3
5_6_10 7, 15, 3, 11, 4
3_9_22 14, 6, 10
2_24_16 6, 14
5_8_06 5, 13, 1, 9, 10
7_16_22 15, 7, 11, 3, 16, 8, 12
4_7_02 3, 11, 15, 7
3_10_22 10, 2, 6
5_31_06 7, 15, 3, 11, 12
7_1_18 10, 2, 6, 14, 11, 3, 7
3_23_16 10, 2, 14
4_2_00 1, 9, 13, 5
3_17_14 8, 16, 4
1_15_20 6
3_25_06 6, 14, 2
4_21_18 11, 3, 7, 15
3_2_06 16, 8, 12
4_11_14 10, 2, 6, 14
4_10_14 10, 2, 6, 14
5_3_22 12, 4, 8, 16, 5
4_17_18 10, 2, 6, 14
7_24_22 13, 5, 9, 1, 2, 10, 14
1_23_22 5
1_9_02 4
7_7_06 5, 13, 1, 9, 14, 6, 10
7_26_20 13, 5, 9, 1, 10, 2, 6
7_16_10 9, 1, 5, 13, 10, 2, 6
4_5_20 12, 4, 8, 16
5_12_20 13, 5, 9, 1, 2
1_9_08 7
6_8_08 6, 14, 2, 10, 3, 11
2_9_00 3, 11
3_20_02 14, 6, 2
6_15_00 4, 12, 16, 8, 1, 9
6_7_06 5, 13, 1, 9, 6, 14
8_25_00 3, 11, 15, 7, 4, 12, 16, 8
5_13_22 15, 7, 11, 3, 12
8_3_16 9, 1, 5, 13, 10, 2, 6, 14
6_22_14 9, 1, 5, 13, 6, 14
2_28_18 8, 16
4_31_00 4,12, 16, 8
3_15_10 9, 1, 13
7_10_18 12, 4, 8, 16, 9, 1, 5
7_29_22 15, 7, 11, 3, 12, 4, 8
2_20_18 6, 14
8_23_08 6, 14, 2, 10, 7, 15, 3, 11
3_29_22 15, 7, 11
4_14_14 11, 3, 7, 15
5_4_00 1, 9, 13, 5, 6
3_20_22 8, 16, 12
2_11_12 9, 1
5_14_02 5, 13, 1, 9, 14
5_11_06 6, 14, 2, 10, 15
1_2_04 15
6_12_08 7, 15, 3, 11, 4, 12
6_22_12 8, 16, 4, 12, 5, 13
5_3_14 8, 16, 4, 12, 1
3_13_18 13, 5, 9
5_25_06 6, 14, 2, 10, 7
2_13_14 11, 3
2_17_00 1, 9
3_20_00 13, 5, 1
2_11_06 6, 14
2_3_14 8, 16
7_22_18 11, 3, 7, 15, 8, 16, 4
3_3_16 9, 1, 13
2_14_02 1, 9
6_24_00 2, 10, 14, 6, 15, 7
8_24_08 6, 14, 2, 10, 7, 15, 3, 11
8_29_06 7, 15, 3, 11, 4, 12, 16, 8
6_19_02 2, 10, 14, 6, 3, 11
4_8_04 4, 12, 16, 8
5_10_12 9, 1, 5, 13, 6
5_29_10 9, 1, 5, 13, 6
1_13_04 6
2_30_12 6, 14
5_3_04 3, 11, 15, 7, 12
6_11_04 5, 13, 1, 9, 6, 14
3_11_06 6, 14, 10
1_23_14 1
3_28_20 9, 1, 13
5_12_02 4, 12, 16, 8, 9
6_13_14 11, 3, 7, 15, 8, 16
4_3_10 6, 14, 2, 10
4_22_08 6, 14, 2, 10
5_13_20 14, 6, 10, 2, 11
2_10_02 16, 8
6_6_12 8, 16, 4, 12, 5, 13
2_9_02 4, 12
1_13_16 12
3_2_16 5, 13, 1
4_13_12 10, 2, 6, 14
3_3_22 12, 4, 16
1_13_14 11
6_20_08 5, 13, 1, 9, 2, 10
8_26_12 9, 1, 5, 13, 10, 2, 6, 14
2_27_06 6, 14
8_24_06 5, 13, 1, 9, 6, 14, 2, 10
1_29_10 9
4_13_08 8, 16, 4, 12
4_19_22 12, 4, 8, 16
4_28_14 10, 2, 6, 14
4_18_16 9, 1, 5, 13
8_2_22 12, 4, 8, 16, 13, 5, 9, 1
3_11_08 7, 15, 11
6_3_02 2, 10, 14, 6, 3, 11
6_20_04 3, 11, 15, 7, 16, 8
3_2_00 13, 5, 9
8_29_14 11, 3, 7, 15, 8, 16, 4, 12
6_1_14 8, 16, 4, 12, 9, 1
6_2_18 10, 2, 6, 14, 7, 15
8_28_02 4, 12, 16, 8, 5, 13, 1, 9
4_10_18 12, 4, 8, 16
2_8_02 15, 7
3_7_04 4, 12, 8
6_15_12 10, 2, 6, 14, 7, 15
5_16_00 4, 12, 16, 8, 5
6_7_04 4, 12, 16, 8, 5, 13
7_26_22 14, 6, 10, 2, 11, 3, 7
3_16_16 8, 16, 12
5_28_16 11, 3, 7, 15, 16
3_2_18 6, 14, 2
8_3_00 1, 9, 13, 5, 2, 10, 14, 6
3_22_12 4, 12, 16
4_15_00 4,12, 16, 8
4_3_02 2, 10, 14, 6
5_7_06 5, 13, 1, 9, 14
3_9_16 11, 3, 7
8_29_08 8, 16, 4, 12, 5, 13, 1, 9
8_14_08 8, 16, 4, 12, 5, 13, 1, 9
2_19_22 12, 4
3_10_04 1, 9, 13
7_7_08 6, 14, 2, 10, 15, 7, 11
8_11_06 6, 14, 2, 10, 7, 15, 3, 11
8_17_02 2, 10, 14, 6, 3, 11, 15, 7
3_2_04 15, 7, 11
2_16_02 1, 9
2_1_02 2, 10
7_12_18 12, 4, 8, 16, 1, 9, 13
6_27_04 5, 13, 1, 9, 6, 14
5_17_04 3, 11, 15, 7, 4
5_12_16 11, 3, 7, 15, 16
7_28_18 12, 4, 8, 16, 1, 9, 13
4_28_18 12, 4, 8, 16
4_1_08 5, 13, 1, 9
3_16_00 16, 8, 4
7_21_14 9, 1, 5, 13, 10, 2, 6
5_23_10 7, 15, 3, 11, 16
6_13_22 15, 7, 11, 3, 12, 4
2_19_04 3, 11
8_14_22 15, 7, 11, 3, 12, 4, 8, 16
4_7_22 13, 5, 9, 1
6_12_12 9, 1, 5, 13, 6, 14
1_25_22 14
6_2_02 2, 10, 14, 6, 15, 7
7_27_06 6, 14, 2, 10, 15, 7, 11
3_14_06 3, 11, 15
6_9_00 3, 11, 15, 7, 4, 12
1_17_00 1
8_9_14 10, 2, 6, 14, 11, 3, 7, 15
1_26_12 5
3_6_10 3, 11, 15
3_31_02 5, 13, 9
4_7_04 4, 12, 16, 8
1_5_16 10
2_5_00 2, 10
8_16_04 6, 14, 2, 10, 3, 11, 15, 7
8_8_12 8, 16, 4, 12, 9, 1, 5, 13
4_7_10 7, 15, 3, 11
3_8_20 8, 16, 12
3_3_14 8, 16, 12
7_30_16 12, 4, 8, 16, 5, 13, 1
2_6_04 16, 8
3_31_14 11, 3, 15
5_24_16 10, 2, 6, 14, 15
5_18_08 5, 13, 1, 9, 2
4_13_22 15, 7, 11, 3
4_22_16 10, 2, 6, 14
3_5_20 12, 4, 8
8_21_12 8, 16, 4, 12, 9, 1, 5, 13
3_12_22 10, 2, 14
4_20_02 2, 10, 14, 6
5_14_00 4, 12, 16, 8, 13
8_16_18 13, 5, 9, 1, 10, 2, 6, 14
2_15_00 4,12
2_22_20 8, 16
6_18_12 7, 15, 3, 11, 4, 12
3_12_02 16, 8, 4
3_17_06 4, 12, 16
7_27_14 10, 2, 6, 14, 3, 11, 15
2_27_18 12, 4
2_6_10 3, 11
6_30_02 5, 13, 1, 9, 14, 6
6_3_10 6, 14, 2, 10, 7, 15
1_9_10 8
5_17_18 10, 2, 6, 14, 11
5_19_16 9, 1, 5, 13, 2
5_24_18 11, 3, 7, 15, 16
2_21_08 6, 14
2_19_08 5, 13
5_17_16 9, 1, 5, 13, 10
4_26_10 8, 16, 4, 12
3_14_10 5, 13, 1
3_1_08 5, 13, 1
4_11_08 7, 15, 3, 11
2_25_16 11, 3
5_17_14 8, 16, 4, 12, 9
6_30_12 10, 2, 6, 14, 3, 11
4_8_00 2, 10, 14, 6
8_7_06 5, 13, 1, 9, 6, 14, 2, 10
1_22_14 5
3_19_04 3, 11, 7
7_9_22 14, 6, 10, 2, 15, 7, 11
2_25_14 10, 2
5_17_02 2, 10, 14, 6, 3
6_13_10 9, 1, 5, 13, 6, 14
7_12_08 7, 15, 3, 11, 12, 4, 8
2_6_00 14, 6
1_1_18 10
5_19_00 1, 9, 13, 5, 10
5_22_00 2, 10, 14, 6, 15
2_23_02 3, 11
5_16_06 7, 15, 3, 11, 8
7_23_00 2, 10, 14, 6, 11, 3, 7
4_23_06 5, 13, 1, 9
7_2_06 4, 12, 16, 8, 1, 9, 13
2_3_04 3, 11
8_27_14 10, 2, 6, 14, 11, 3, 7, 15
4_10_16 11, 3, 7, 15
2_20_12 3, 11
4_30_14 11, 3, 7, 15
8_12_16 11, 3, 7, 15, 12, 4, 8, 16
3_17_00 1, 9, 13
5_2_16 9, 1, 5, 13, 6
3_22_08 2, 10, 14
2_30_14 7, 15
8_31_12 10, 2, 6, 14, 7, 15, 3, 11
5_31_00 4, 12, 16, 8, 9
4_26_20 13, 5, 9, 1
2_11_00 3, 11
5_15_08 8, 16, 4, 12, 13
8_12_06 6, 14, 2, 10, 7, 15, 3, 11
5_30_14 11, 3, 7, 15, 4
4_28_20 13, 5, 9, 1
2_9_16 11, 3
4_9_10 8, 16, 4, 12
2_9_06 6, 14
7_7_10 7, 15, 3, 11, 16, 8, 12
7_29_12 10, 2, 6, 14, 7, 15, 3
1_8_14 13
5_1_08 5, 13, 1, 9, 6
4_5_12 8, 16, 4, 12
4_21_12 8, 16, 4, 12
5_20_20 11, 3, 7, 15, 16
3_25_08 7, 15, 3
2_7_02 3, 11
6_21_20 12, 4, 8, 16, 13, 5
3_15_16 12, 4, 16
2_14_22 11, 3
5_1_16 9, 1, 5, 13, 10
8_1_02 2, 10, 14, 6, 3, 11, 15, 7
4_8_10 7, 15, 3, 11
3_7_08 6, 14, 10
1_31_14 3
8_24_10 7, 15, 3, 11, 8, 16, 4, 12
1_16_02 9
8_12_22 14, 6, 10, 2, 15, 7, 11, 3
3_18_06 16, 8, 12
4_14_20 14, 6, 10, 2
8_3_18 10, 2, 6, 14, 11, 3, 7, 15
5_15_02 5, 13, 1, 9, 10
4_27_18 12, 4, 8, 16
1_19_12 15
1_14_00 16
5_17_08 5, 13, 1, 9, 6
3_24_08 2, 10, 6
8_13_12 10, 2, 6, 14, 7, 15, 3, 11
2_19_18 10, 2
6_3_18 10, 2, 6, 14, 11, 3
5_24_12 8, 16, 4, 12, 13
3_22_06 1, 9, 13
7_23_08 6, 14, 2, 10, 15, 7, 11
5_30_08 8, 16, 4, 12, 1
6_24_16 10, 2, 6, 14, 7, 15
4_12_08 7, 15, 3, 11
3_30_20 10, 2, 6
2_3_22 12, 4
2_26_04 1, 9
6_30_10 9, 1, 5, 13, 2, 10
8_4_20 11, 3, 7, 15, 12, 4, 8, 16
5_4_20 11, 3, 7, 15, 16
2_19_10 6, 14
1_19_06 12
7_15_20 14, 6, 10, 2, 3, 11, 15
7_1_12 7, 15, 3, 11, 8, 16, 4
3_7_16 10, 2, 14
4_5_16 10, 2, 6, 14
6_23_16 10, 2, 6, 14, 11, 3
3_27_08 7, 15, 11
5_4_22 12, 4, 8, 16, 1
4_17_04 3, 11, 15, 7
5_26_14 10, 2, 6, 14, 7
3_20_12 3, 11, 7
8_14_04 6, 14, 2, 10, 3, 11, 15, 7
2_29_14 11, 3
7_13_08 8, 16, 4, 12, 5, 13, 1
5_30_16 12, 4, 8, 16, 5
5_15_14 11, 3, 7, 15, 16
1_30_10 5
6_3_16 9, 1, 5, 13, 10, 2
1_11_02 12
7_11_16 11, 3, 7, 15, 4, 12, 16
3_15_20 14, 6, 2
3_4_10 2, 10, 6
4_14_02 5, 13, 1, 9
7_21_16 10, 2, 6, 14, 11, 3, 7
2_24_04 16, 8
8_8_18 11, 3, 7, 15, 12, 4, 8, 16
4_20_08 5, 13, 1, 9
7_21_22 13, 5, 9, 1, 14, 6, 10
2_31_10 9, 1
6_2_08 5, 13, 1, 9, 2, 10
4_4_08 5, 13, 1, 9
5_17_10 6, 14, 2, 10, 7
3_10_10 4, 12, 16
6_18_18 10, 2, 6, 14, 7, 15
8_29_16 12, 4, 8, 16, 9, 1, 5, 13
5_1_12 7, 15, 3, 11, 8
6_29_08 8, 16, 4, 12, 5, 13
6_26_14 10, 2, 6, 14, 7, 15
3_10_06 2, 10, 14
7_27_20 13, 5, 9, 1, 6, 14, 2
7_8_20 12, 4, 8, 16, 1, 9, 13
1_5_12 8
2_5_12 8, 16
8_12_00 3, 11, 15, 7, 4, 12, 16, 8
4_30_02 5, 13, 1, 9
4_19_02 2, 10, 14, 6
2_4_14 4, 12
3_5_10 7, 15, 3
4_10_20 13, 5, 9, 1
5_20_22 12, 4, 8, 16, 1
1_4_10 10
2_8_06 1, 9
7_26_02 4, 12, 16, 8, 1, 9, 13
5_1_04 3, 11, 15, 7, 4
4_23_04 4, 12, 16, 8
7_4_10 6, 14, 2, 10, 11, 3, 7
4_9_16 11, 3, 7, 15
1_5_02 3
7_14_22 15, 7, 11, 3, 8, 16, 4
4_16_14 11, 3, 7, 15
8_10_22 14, 6, 10, 2, 15, 7, 11, 3
8_3_08 5, 13, 1, 9, 6, 14, 2, 10
1_7_06 13
7_13_12 10, 2, 6, 14, 7, 15, 3
6_16_20 14, 6, 10, 2, 7, 15
3_24_16 6, 14, 10
7_1_16 9, 1, 5, 13, 10, 2, 6
4_10_06 6, 14, 2, 10
1_15_00 12
6_14_10 9, 1, 5, 13, 2, 10
7_20_08 5, 13, 1, 9, 10, 2, 6
6_2_00 1, 9, 13, 5, 14, 6
7_25_04 5, 13, 1, 9, 6, 14, 2
1_5_10 7
8_27_00 3, 11, 15, 7, 4, 12, 16, 8
3_11_12 9, 1, 13
7_7_00 2, 10, 14, 6, 11, 3, 7
3_17_16 9, 1, 5
8_3_02 2, 10, 14, 6, 3, 11, 15, 7
7_4_14 8, 16, 4, 12, 13, 5, 9
1_6_06 1
2_19_00 1, 9
6_24_22 13, 5, 9, 1, 10, 2
1_21_06 5
5_19_06 4, 12, 16, 8, 13
5_2_10 6, 14, 2, 10, 3
4_29_20 14, 6, 10, 2
3_6_00 14, 6, 10
8_30_20 14, 6, 10, 2, 11, 3, 7, 15
4_12_12 9, 1, 5, 13
8_23_18 11, 3, 7, 15, 12, 4, 8, 16
1_5_00 2
6_30_00 4, 12, 16, 8, 13, 5
1_3_02 10
6_31_20 14, 6, 10, 2, 11, 3
7_11_22 14, 6, 10, 2, 7, 15, 3
4_30_20 14, 6, 10, 2
3_28_00 15, 7, 3
6_21_12 8, 16, 4, 12, 9, 1
8_20_00 1, 9, 13, 5, 2, 10, 14, 6
4_27_22 14, 6, 10, 2
2_7_08 6, 14
6_20_16 9, 1, 5, 13, 6, 14
7_4_00 1, 9, 13, 5, 6, 14, 2
2_16_22 11, 3
5_23_14 9, 1, 5, 13, 2
6_16_22 15, 7, 11, 3, 8, 16
4_5_04 4, 12, 16, 8
5_22_22 13, 5, 9, 1, 10
4_18_18 10, 2, 6, 14
1_18_00 13
1_21_02 3
3_18_14 4, 12, 16
4_17_10 6, 14, 2, 10
6_9_02 4, 12, 16, 8, 5, 13
6_12_22 14, 6, 10, 2, 11, 3
7_15_18 13, 5, 9, 1, 2, 10, 14
5_5_20 12, 4, 8, 16, 13
2_31_04 6, 14
3_14_08 4, 12, 16
8_11_08 7, 15, 3, 11, 8, 16, 4, 12
7_28_12 9, 1, 5, 13, 14, 6, 10
8_26_22 14, 6, 10, 2, 15, 7, 11, 3
4_2_12 7, 15, 3, 11
6_4_12 7, 15, 3, 11, 4, 12
5_10_04 5, 13, 1, 9, 2
1_7_20 4
3_31_00 4,12, 8
1_8_00 6
7_16_04 6, 14, 2, 10, 7, 15, 3
6_5_10 7, 15, 3, 11, 8, 16
8_8_04 4, 12, 16, 8, 5, 13, 1, 9
7_19_14 8, 16, 4, 12, 1, 9, 13
7_1_10 6, 14, 2, 10, 7, 15, 3
2_1_00 1, 9
7_5_20 12, 4, 8, 16, 13, 5, 9
3_2_10 2, 10, 14
5_13_12 10, 2, 6, 14, 7
7_7_12 8, 16, 4, 12, 1, 9, 13
4_12_10 8, 16, 4, 12
7_12_14 10, 2, 6, 14, 15, 7, 11
7_26_06 6, 14, 2, 10, 3, 11, 15
4_29_10 9, 1, 5, 13
5_22_06 5, 13, 1, 9, 2
2_16_12 6, 14
2_3_18 10, 2
6_17_18 10, 2, 6, 14, 11, 3
8_15_04 6, 14, 2, 10, 3, 11, 15, 7
6_3_08 5, 13, 1, 9, 6, 14
3_28_16 7, 15, 11
2_9_10 8, 16
2_9_14 10, 2
7_15_02 5, 13, 1, 9, 10, 2, 6
2_17_20 11, 3
4_10_02 4, 12, 16, 8
1_21_18 11
4_5_22 13, 5, 9, 1
3_18_02 14, 6, 10
7_23_22 13, 5, 9, 1, 6, 14, 2
3_25_10 8, 16, 4
1_9_16 11
5_31_14 11, 3, 7, 15, 16
6_29_18 13, 5, 9, 1, 10, 2
8_20_04 3, 11, 15, 7, 4, 12, 16, 8
1_31_04 14
5_24_04 4, 12, 16, 8, 9
1_16_04 10
5_7_00 2, 10, 14, 6, 11
2_6_06 1, 9
2_21_06 5, 13
2_12_22 10, 2
3_7_14 9, 1, 13
5_8_02 3, 11, 15, 7, 8
3_19_22 12, 4, 16
2_21_20 12, 4
1_9_18 12
1_25_02 4
1_10_16 7
4_12_18 12, 4, 8, 16
5_20_14 8, 16, 4, 12, 13
7_19_18 10, 2, 6, 14, 3, 11, 15
5_23_16 10, 2, 6, 14, 3
8_11_20 13, 5, 9, 1, 14, 6, 10, 2
6_9_14 10, 2, 6, 14, 11, 3
5_23_06 5, 13, 1, 9, 14
1_5_04 4
6_28_10 8, 16, 4, 12, 5, 13
7_17_08 5, 13, 1, 9, 6, 14, 2
7_28_04 5, 13, 1, 9, 10, 2, 6
7_11_04 5, 13, 1, 9, 14, 6, 10
2_20_00 13, 5
3_21_20 12, 4, 8
4_15_04 6, 14, 2, 10
4_27_12 9, 1, 5, 13
7_11_12 9, 1, 5, 13, 2, 10, 14
4_22_02 3, 11, 15, 7
3_14_12 6, 14, 2
8_27_10 8, 16, 4, 12, 9, 1, 5, 13
6_14_04 6, 14, 2, 10, 15, 7
5_24_08 6, 14, 2, 10, 11
7_13_20 14, 6, 10, 2, 11, 3, 7
5_19_22 12, 4, 8, 16, 5
5_18_14 8, 16, 4, 12, 5
5_12_22 14, 6, 10, 2, 3
4_25_04 5, 13, 1, 9
8_8_20 12, 4, 8, 16, 13, 5, 9, 1
1_17_10 6
7_30_18 13, 5, 9, 1, 6, 14, 2
6_24_18 11, 3, 7, 15, 8, 16
1_6_16 6
2_26_02 16, 8
6_21_08 6, 14, 2, 10, 7, 15
2_27_00 3, 11
5_27_02 4, 12, 16, 8, 13
4_21_10 7, 15, 3, 11
1_4_06 8
8_14_18 13, 5, 9, 1, 10, 2, 6, 14
1_29_20 14
7_31_16 12, 4, 8, 16, 1, 9, 13
4_15_10 9, 1, 5, 13
7_3_00 1, 9, 13, 5, 10, 2, 6
4_6_12 8, 16, 4, 12
1_14_14 7
3_15_22 15, 7, 3
7_15_00 4, 12, 16, 8, 9, 1, 5
2_8_16 6, 14
3_22_10 3, 11, 15
7_27_16 11, 3, 7, 15, 4, 12, 16
5_23_08 6, 14, 2, 10, 15
1_30_20 10
6_29_16 12, 4, 8, 16, 9, 1
6_23_20 12, 4, 8, 16, 13, 5
5_11_08 7, 15, 3, 11, 16
4_7_16 10, 2, 6, 14
5_6_08 6, 14, 2, 10, 3
5_25_22 14, 6, 10, 2, 15
6_17_12 7, 15, 3, 11, 8, 16
2_23_04 4, 12
3_9_04 5, 13, 1
4_9_00 3, 11, 15, 7
6_16_12 10, 2, 6, 14, 3, 11
2_27_20 13, 5
2_25_22 14, 6
7_26_08 7, 15, 3, 11, 4, 12, 16
3_28_14 6, 14, 10
8_9_04 5, 13, 1, 9, 6, 14, 2, 10
2_2_20 7, 15
6_3_14 8, 16, 4, 12, 9, 1
1_4_08 9
5_30_06 7, 15, 3, 11, 16
1_23_06 13
8_3_22 12, 4, 8, 16, 13, 5, 9, 1
3_25_00 3, 11, 15
7_25_00 3, 11, 15, 7, 4, 12, 16
1_8_22 1
7_17_20 11, 3, 7, 15, 12, 4, 8
3_31_04 6, 14, 10
7_19_12 7, 15, 3, 11, 16, 8, 12
4_16_08 8, 16, 4, 12
4_8_16 10, 2, 6, 14
8_29_00 4, 12, 16, 8, 1, 9, 13, 5
8_11_22 14, 6, 10, 2, 15, 7, 11, 3
7_5_10 7, 15, 3, 11, 8, 16, 4
6_20_22 12, 4, 8, 16, 9, 1
6_30_08 8, 16, 4, 12, 1, 9
8_7_14 9, 1, 5, 13, 10, 2, 6, 14
8_28_08 7, 15, 3, 11, 8, 16, 4, 12
2_28_08 3, 11
1_4_02 6
4_30_00 4,12, 16, 8
1_5_18 11
6_9_08 7, 15, 3, 11, 8, 16
5_21_10 7, 15, 3, 11, 8
7_27_02 4, 12, 16, 8, 13, 5, 9
5_21_02 3, 11, 15, 7, 4
4_27_14 10, 2, 6, 14
8_1_10 6, 14, 2, 10, 7, 15, 3, 11
1_21_04 4
8_5_06 5, 13, 1, 9, 6, 14, 2, 10
7_28_16 11, 3, 7, 15, 16, 8, 12
7_3_14 8, 16, 4, 12, 1, 9, 13
6_16_04 6, 14, 2, 10, 15, 7
4_21_08 6, 14, 2, 10
3_7_02 3, 11, 7
6_14_02 5, 13, 1, 9, 14, 6
5_25_14 10, 2, 6, 14, 11
1_18_18 6
7_25_10 8, 16, 4, 12, 9, 1, 5
2_5_20 12, 4
1_10_10 4
3_8_12 4, 12, 8
7_18_18 10, 2, 6, 14, 7, 15, 3
5_17_12 7, 15, 3, 11, 8
7_5_02 3, 11, 15, 7, 4, 12, 16
1_30_18 9
8_10_12 9, 1, 5, 13, 10, 2, 6, 14
5_2_04 3, 11, 15, 7, 16
3_10_08 3, 11, 15
2_26_06 2, 10
2_23_08 6, 14
4_25_22 14, 6, 10, 2
6_26_02 4, 12, 16, 8, 1, 9
6_25_02 4, 12, 16, 8, 5, 13
6_9_22 14, 6, 10, 2, 15, 7
7_3_12 7, 15, 3, 11, 16, 8, 12
6_12_04 5, 13, 1, 9, 2, 10
5_10_18 12, 4, 8, 16, 9
5_6_18 11, 3, 7, 15, 8
4_23_00 2, 10, 14, 6
3_27_12 9, 1, 13
6_11_12 9, 1, 5, 13, 10, 2
2_30_02 1, 9
8_23_00 2, 10, 14, 6, 3, 11, 15, 7
4_30_10 9, 1, 5, 13
3_23_04 4, 12, 8
7_14_04 6, 14, 2, 10, 15, 7, 11
1_25_04 5
8_29_12 10, 2, 6, 14, 7, 15, 3, 11
4_24_22 13, 5, 9, 1
1_1_00 1
6_27_10 8, 16, 4, 12, 9, 1
7_20_00 1, 9, 13, 5, 6, 14, 2
4_29_04 6, 14, 2, 10
2_2_02 14, 6
3_29_16 12, 4, 8
3_19_16 9, 1, 13
5_8_10 7, 15, 3, 11, 12
8_18_12 7, 15, 3, 11, 8, 16, 4, 12
1_31_16 4
8_1_22 12, 4, 8, 16, 13, 5, 9, 1
1_24_08 10
7_29_08 8, 16, 4, 12, 5, 13, 1
1_26_14 6
2_1_22 12, 4
5_29_16 12, 4, 8, 16, 9
5_27_16 11, 3, 7, 15, 4
5_25_12 9, 1, 5, 13, 10
1_18_10 2
5_9_12 9, 1, 5, 13, 10
7_17_12 7, 15, 3, 11, 8, 16, 4
2_3_06 4, 12
1_13_00 4
8_5_04 4, 12, 16, 8, 5, 13, 1, 9
7_26_00 3, 11, 15, 7, 16, 8, 12
1_20_04 7
7_6_06 5, 13, 1, 9, 2, 10, 14
8_31_06 7, 15, 3, 11, 4, 12, 16, 8
8_12_04 5, 13, 1, 9, 6, 14, 2, 10
3_19_18 10, 2, 14
1_23_02 11
7_12_22 14, 6, 10, 2, 3, 11, 15
2_8_04 16, 8
4_4_02 2, 10, 14, 6
7_26_18 12, 4, 8, 16, 9, 1, 5
4_14_12 10, 2, 6, 14
5_23_18 11, 3, 7, 15, 4
1_16_22 3
3_22_18 7, 15, 3
3_17_20 11, 3, 7
5_5_22 13, 5, 9, 1, 14
5_12_18 12, 4, 8, 16, 1
4_19_06 4, 12, 16, 8
2_18_06 16, 8
2_8_18 7, 15
7_12_00 3, 11, 15, 7, 8, 16, 4
5_6_00 2, 10, 14, 6, 15
4_19_12 7, 15, 3, 11
7_28_22 14, 6, 10, 2, 3, 11, 15
1_28_14 14
8_29_04 6, 14, 2, 10, 3, 11, 15, 7
8_14_14 11, 3, 7, 15, 8, 16, 4, 12
8_18_10 6, 14, 2, 10, 7, 15, 3, 11
7_18_04 3, 11, 15, 7, 16, 8, 12
5_22_14 9, 1, 5, 13, 6
5_21_12 8, 16, 4, 12, 9
5_15_10 9, 1, 5, 13, 14
1_14_12 6
3_23_06 5, 13, 9
4_9_22 14, 6, 10, 2
6_13_02 5, 13, 1, 9, 2, 10
2_21_12 8, 16
1_28_08 11
8_30_22 15, 7, 11, 3, 12, 4, 8, 16
8_18_20 11, 3, 7, 15, 12, 4, 8, 16
6_29_22 15, 7, 11, 3, 12, 4
8_18_14 8, 16, 4, 12, 9, 1, 5, 13
8_25_14 10, 2, 6, 14, 11, 3, 7, 15
6_23_18 11, 3, 7, 15, 12, 4
4_4_06 4, 12, 16, 8
6_26_20 13, 5, 9, 1, 10, 2
3_14_20 10, 2, 6
6_14_06 7, 15, 3, 11, 16, 8
7_10_22 14, 6, 10, 2, 11, 3, 7
4_20_20 11, 3, 7, 15
5_10_02 4, 12, 16, 8, 1
6_11_02 4, 12, 16, 8, 5, 13
6_11_20 13, 5, 9, 1, 14, 6
7_24_14 9, 1, 5, 13, 14, 6, 10
1_5_06 5
7_30_02 5, 13, 1, 9, 14, 6, 10
7_25_14 10, 2, 6, 14, 11, 3, 7
6_29_04 6, 14, 2, 10, 3, 11
2_15_06 7, 15
7_18_14 8, 16, 4, 12, 5, 13, 1
7_24_18 11, 3, 7, 15, 16, 8, 12
4_26_06 6, 14, 2, 10
7_25_06 6, 14, 2, 10, 7, 15, 3
7_29_16 12, 4, 8, 16, 9, 1, 5
2_30_00 16, 8
5_11_04 5, 13, 1, 9, 14
3_9_12 9, 1, 5
4_24_18 11, 3, 7, 15
7_8_12 8, 16, 4, 12, 13, 5, 9
3_29_06 7, 15, 3
2_15_20 14, 6
5_12_12 9, 1, 5, 13, 14
5_23_20 12, 4, 8, 16, 5
2_10_20 9, 1
3_18_12 3, 11, 15
1_22_06 1
7_31_14 11, 3, 7, 15, 16, 8, 12
5_14_06 7, 15, 3, 11, 16
1_26_04 1
2_19_02 2, 10
4_11_10 8, 16, 4, 12
8_4_14 8, 16, 4, 12, 9, 1, 5, 13
7_3_16 9, 1, 5, 13, 2, 10, 14
5_10_10 8, 16, 4, 12, 5
6_5_22 13, 5, 9, 1, 14, 6
8_28_06 6, 14, 2, 10, 7, 15, 3, 11
5_12_04 5, 13, 1, 9, 10
4_28_08 7, 15, 3, 11
7_6_14 9, 1, 5, 13, 6, 14, 2
2_10_06 2, 10
7_11_10 8, 16, 4, 12, 1, 9, 13
2_6_16 6, 14
5_15_00 4, 12, 16, 8, 9
5_26_12 9, 1, 5, 13, 6
2_7_12 8, 16
5_5_04 4, 12, 16, 8, 5
6_28_18 12, 4, 8, 16, 9, 1
3_8_22 9, 1, 13
1_29_22 15
4_1_14 8, 16, 4, 12
8_15_14 11, 3, 7, 15, 8, 16, 4, 12
5_4_14 8, 16, 4, 12, 13
7_28_20 13, 5, 9, 1, 2, 10, 14
7_9_18 12, 4, 8, 16, 13, 5, 9
2_22_06 1, 9
5_12_10 8, 16, 4, 12, 13
1_7_10 15
3_6_18 7, 15, 3
1_13_10 9
8_17_08 5, 13, 1, 9, 6, 14, 2, 10
5_22_12 8, 16, 4, 12, 5
2_30_18 9, 1
6_1_18 10, 2, 6, 14, 11, 3
4_24_16 10, 2, 6, 14
1_2_12 3
2_5_04 4, 12
2_24_02 15, 7
8_6_10 7, 15, 3, 11, 8, 16, 4, 12
1_22_10 3
7_5_12 8, 16, 4, 12, 9, 1, 5
3_17_12 7, 15, 3
6_18_16 9, 1, 5, 13, 6, 14
7_18_12 7, 15, 3, 11, 4, 12, 16
2_4_02 14, 6
2_23_14 9, 1
5_25_18 12, 4, 8, 16, 13
7_20_12 7, 15, 3, 11, 12, 4, 8
2_10_22 10, 2
2_9_22 14, 6
6_29_12 10, 2, 6, 14, 7, 15
3_20_20 7, 15, 11
6_11_08 7, 15, 3, 11, 8, 16
4_17_06 4, 12, 16, 8
8_9_20 13, 5, 9, 1, 14, 6, 10, 2
1_20_08 9
3_9_10 8, 16, 4
2_13_12 10, 2
8_19_08 5, 13, 1, 9, 6, 14, 2, 10
3_14_02 1, 9, 13
1_28_00 7
4_11_16 11, 3, 7, 15
5_4_02 2, 10, 14, 6, 7
1_31_00 12
1_28_20 1
7_22_14 9, 1, 5, 13, 6, 14, 2
2_14_10 5, 13
5_6_12 8, 16, 4, 12, 5
8_26_18 12, 4, 8, 16, 13, 5, 9, 1
3_13_00 4,12, 16
8_20_18 10, 2, 6, 14, 11, 3, 7, 15
1_15_18 5
8_23_14 9, 1, 5, 13, 10, 2, 6, 14
6_5_14 9, 1, 5, 13, 10, 2
